851968
32776
1015820
917520
917523
1703956
819220
1441816
98338
1703975
1212458
1605674
1048620
1572910
1277998
1540145
1441849
98362
1507385
1376316
65596
1540159
1540160
1376321
1474627
1278021
1278027
1376339
1114200
1605725
1114208
1179755
1114220
753772
1605740
1048685
32878
1343601
1015922
1048695
1572983
1212545
1540237
1409171
1605780
884887
1409175
1114274
884905
1409197
1179821
1474735
1310893
1605810
721083
786620
1278140
884940
1048789
1474777
65759
1081568
1212641
1409253
1343719
1573097
65770
33002
1540334
1507571
1409269
1310982
1474835
1507605
1179929
1507615
1605931
1376556
1573166
1540400
1442101
98618
1016125
1114445
1048911
885074
1474903
33113
917851
1409375
1442145
1376610
1278308
1016169
1605997
1016178
1114483
1212787
98677
1507718
1474952
1081745
1409430
1409431
1409432
1278363
1376668
1671584
33185
98720
1409446
1442215
1180079
1278384
1638833
1606069
1442236
33213
65984
98752
1409477
917968
1540563
66004
1409493
852437
1016281
721371
1081823
819689
1081834
1343979
1114605
1180145
1376755
1475065
885245
1311230
1638911
1278465
1507842
786947
1081860
1671686
1540615
1311241
1507858
1606163
1049108
1376793
885275
1409565
1376804
1606180
721447
1507881
1376812
885306
885307
1442376
885322
1606219
1540684
819793
1081938
852564
1409624
852570
1114714
1507934
1245791
1180262
1213037
1606254
1507951
1507957
1540729
1049210
1507964
1606268
787075
1475204
1311369
1311370
1573516
918160
1376912
1507986
1245841
1016470
1344154
1639068
1540771
1082027
1671854
1213106
1082038
1016504
1442492
819913
1475274
1475273
1376972
1442505
33488
1606355
885462
819926
1278680
1573590
1376986
1606363
1606364
1606366
1016546
885475
1639143
918251
1409775
1377013
33533
1671933
99070
1311486
885508
1704711
1704720
1377040
721683
885531
721693
1377053
852766
1508128
99106
852772
1442596
885542
1606440
1409834
1114925
885550
1114927
885551
787250
1311538
1573683
787253
787251
1704760
1114936
1311546
820027
1442620
885568
1082176
1442626
1639234
230211
1442634
1672013
66382
1540947
33619
885590
1082198
1704795
1409885
1377121
1606498
1475430
1311596
820081
66418
1114995
918386
1311605
918387
1114999
1344376
1377145
1409916
1377149
820096
820097
1639300
1016708
1573766
885639
1344394
1311627
1377167
1442711
1213336
1377178
1409947
1344413
1049502
1639327
1049505
1082278
1508262
1115055
1049521
99250
1409970
1442741
1311673
66496
1409986
1409999
1082324
852953
885721
885725
1180638
99302
33769
885740
1508332
1344494
754673
1606645
1311735
1115128
1508348
1704956
1541119
1049606
1016838
1410056
66570
1508363
918541
820237
918543
1082384
1344530
1442836
1508381
99359
1541157
1442853
1410087
1377318
1606698
1606699
1606700
918573
1541165
754737
1410098
918580
1705012
918581
1049659
1672255
1082431
1016900
721994
1606736
1311828
1344596
1115222
1410132
820313
1606745
66649
820318
230498
1606757
918646
1508470
1016951
1344632
754811
1410172
1508475
1508478
754813
1082492
1410181
1672326
1082506
1410187
1082510
1606808
820380
230557
1082526
722077
1705126
66740
1049782
1442999
722104
1082554
1377469
1410240
66756
1574085
33992
1410253
1574097
1377490
885975
1541336
885978
1213660
1344736
885988
1541354
1508594
1639669
1443062
1279228
1606909
1475841
1443075
1639691
1443089
34067
886035
1017110
1541401
1344807
34088
1574186
1574197
1606965
755001
1475899
755003
34115
1508677
1312069
1312073
1181001
1410384
722256
1475922
1443157
66904
1574235
1377630
1410402
1082733
886128
886136
886137
820600
1672571
1410428
1672572
820608
1082754
1279363
722313
886158
886163
1574291
1050007
886171
1639836
1574300
918946
1312165
1410471
1443242
1508786
918962
918964
918965
1377720
99771
886206
1639874
1476034
99780
1443270
1082822
1017290
1344970
1476045
1639889
1344980
918997
1017303
722392
919012
1705445
919013
34285
1705458
1672690
853496
1345016
1377789
820736
820738
1410567
1639947
67088
67099
1050140
820771
1082923
1508913
1672754
1476150
1377848
886328
1639992
1574460
1443388
853566
1050180
1672773
1508933
886346
1476170
1410636
1607250
1541719
1345111
919130
919134
1377888
1345122
1345126
34408
1640043
1476204
1607281
1279620
1574532
919175
1017480
1574540
722572
1607310
67215
1017491
1410708
1476246
1410711
820901
1476264
820907
1410738
1672885
1476278
1115836
1115837
853695
1672897
1672899
1672900
1574596
886475
1672909
1279695
67279
1705682
1750
1279704
722648
1705696
1279715
1378020
1574632
1574648
1541884
34563
1800
1050377
821002
1017616
1574672
67347
1574676
1410838
1672985
100122
1607450
1443609
1378076
821026
722723
1705771
1017655
853816
1640251
1443646
1509190
1115975
1017673
1050441
1640266
1378125
1050446
1083220
1443669
1378140
1017699
1509223
788329
1083243
1017712
1705843
1574774
1476470
1640313
1410939
1607549
1542013
821127
821130
1509261
722830
67472
722833
1378195
919443
1345432
1509273
1574815
1083301
1961
919465
1410997
1050550
67517
1640384
1017793
1411009
821189
1574863
1116112
1443799
886744
1411036
34782
1378270
1116132
1116134
1509351
1443818
1050606
1411057
2034
1411059
1411058
1083383
1574910
1607678
1607679
1640455
1083410
1443863
100378
1476638
1574946
1607716
67625
1476651
1116204
1476655
2098
1017907
886835
1181749
1083446
1574963
1509432
1574969
919605
1280058
100412
1607741
1083459
919628
1411158
34903
755806
1411168
1083490
1509477
1411179
1476719
1017968
1542261
1050743
886912
2178
788611
67716
1083522
1411207
1575048
2186
1575051
34956
100493
1673358
1443979
1312910
1018003
1378453
1018005
1542299
1312928
100517
919721
919722
1050797
723125
1575096
919742
1542335
919745
100548
886982
1050825
1509589
1345756
1444064
1575142
1411303
821483
1411308
100591
723188
1378553
1444090
1083643
1313024
1673475
1378564
1280263
1345801
1411342
1509646
1083663
100625
1575189
1476886
1607962
1378590
1673504
1050915
1083689
67887
788784
1116463
1444144
1542447
1018164
1444145
723254
919864
919865
723258
1083706
1509692
1182011
1378624
1083712
1378625
723269
1345865
1050957
1083725
788816
1444177
1575259
1411419
1083743
1214816
1476963
1018215
1018216
1116521
100716
887149
887150
887151
1509745
100726
1083768
1345913
854395
854398
1575295
35214
1575311
1477009
1378706
919956
788885
1575319
1509786
1378718
1411488
1411494
1608104
1018281
1477032
1608109
1575345
1182129
1444275
1444277
100790
1444279
2488
788920
887226
2491
1575360
1280452
1345991
1083848
887247
1444307
1378774
1444310
1083866
1018332
1542624
920033
1542625
1542627
1542628
788965
1346022
1378789
1542626
1018336
1051114
1411574
1509879
1313275
1411579
1575420
723458
1575428
1477130
1444363
1706509
1083922
100885
1640982
789019
1444380
1313310
1018399
854560
1378846
1477156
1640997
1083944
1444397
887343
920112
1477168
68145
1444403
1608249
1411643
887359
1509957
1411658
723531
1706573
723533
1608269
1477200
789073
920148
1280600
1575515
1509986
887396
1411685
1509991
1411688
1608298
1051251
1182325
1477246
1084031
1378946
1378948
1378950
723594
821899
789132
1510030
1084048
1411730
723603
1575571
1575574
723612
1084067
1641129
854701
68270
1477294
1378992
1575599
723646
1379006
35527
101063
887497
1477324
1051343
1444570
1379041
1379043
1575659
821995
1641197
1608429
1346287
1608430
1411825
1510130
1444598
854775
2809
1116927
1313536
920321
1673985
1673987
1379075
1542918
1411846
1280776
1116942
854800
887568
723733
1542934
1084182
1411861
1411879
1084201
1346346
887596
920371
1280821
1411906
1084226
854852
822083
1477449
854860
1051470
101199
1051473
887637
1477472
1051488
1018724
1510247
920424
920427
1084267
1510256
1575793
1117045
1051512
1051514
1248124
920448
1117057
1575810
1411974
789388
920465
1575828
1510295
2969
68505
1543066
1117095
1543083
1084332
1379245
1379246
101295
887730
1575858
1117106
887733
1641398
1510326
1674168
1543098
1510333
1608638
1706946
1575879
920522
1412043
920527
1084370
789460
920532
1018840
1346526
1477598
1084384
1412067
1412068
1444837
1444839
1575913
1051627
68589
1117171
1674227
1412090
1412095
1084415
1412100
101382
1477641
1412109
68622
101390
1641488
1182737
1641489
1575965
1412126
1412130
724004
1575975
3116
1117228
1084463
1641521
1379378
1575988
789570
1018946
3146
1576018
1018963
101462
1510489
1084507
1051741
1674335
1346655
887905
822370
1018979
1543268
68709
1543272
1576044
887919
887921
1117297
1412212
1510518
1313911
1051771
1510524
3197
1313918
756862
887936
1641601
920707
1412232
1084554
822411
1641614
822416
1477776
1313938
822418
1019034
756894
1641631
887969
101538
1084577
1084580
1641640
1412270
1281198
1674416
1510580
1084597
1051829
1051830
920760
1445049
36029
1510593
888002
1379527
1674440
1543367
36047
101594
1051871
1543395
1576169
1445109
1084662
1707258
1543418
1412347
1314052
1576197
1314054
36104
1346830
757011
1379606
1641751
1445146
1543450
1117480
1707306
724267
1084717
36146
1314102
1445175
1576263
1477961
1379661
1084752
1477968
1019216
1084755
1084765
789860
1346917
888165
1314152
1609065
1183082
1346922
1445226
789868
1445229
1445235
1379699
789879
1510775
3453
1379714
822662
822663
1412486
1019272
1314183
1052045
1379725
1576336
1084817
101778
1314196
1052054
1412502
1084828
1346973
1445283
1346980
888228
3499
1609132
789933
36270
1314223
1510832
1445297
1379763
822708
1609139
1543605
1543606
1478069
1510839
1445305
789944
101821
1052100
101829
1084869
1478085
1543623
101830
1478087
1347022
1183186
1543637
1510871
3545
822746
1543643
200155
724445
921051
1019361
1379810
1084899
1543652
1478121
1576427
1510891
3570
1478132
1543668
921082
822783
1543679
1347078
1641991
790024
36369
1609234
855574
921112
36377
921114
1478176
1084961
822818
790051
1117733
1609253
1510949
1609258
1183276
1510961
790066
1412659
1510964
790067
1510962
1379895
1510963
1412665
790070
1543739
855612
1084991
1510976
1478220
3673
724571
921183
101984
1642081
1478242
1052257
855654
1609319
855658
1347178
1674862
1478259
1052284
724606
1576575
855683
1609351
1642122
1347218
102037
1019542
888471
36506
1674910
1511071
790179
1445541
1511079
1511081
888491
1314475
1642159
1674930
888504
1380024
1052354
921299
822997
200406
102109
1281761
921313
1511139
1576678
855787
1281774
1642223
1511159
1511161
1445625
1609471
1609472
1019650
1445635
724742
1576724
1019671
1511198
1314592
69422
1019695
1281845
823094
1478454
102198
855874
102212
1085254
1576778
1478484
1118037
1576789
790359
1019737
790362
1478490
1085277
1511261
1478493
1085280
1281895
69488
3952
1118072
1642363
1347452
1642365
69499
888702
1281922
1707910
1642375
1478535
757641
1019787
1642380
1675149
3982
888719
1707925
921500
1511325
921503
1511337
1576873
724910
1052595
1544116
1380277
724915
1445815
1675192
1347523
1314755
1445831
1511367
1019849
921547
724941
1085392
1314772
921557
1642453
921560
1052636
1609702
36840
102379
1576940
823277
921582
1576942
1609711
921590
1445883
790526
1413119
790528
69633
1544190
1708035
1183765
1708055
1511447
1118233
1478682
1511448
1118237
1347613
4127
1445918
1544227
1544229
69671
1413159
1380393
1445930
1544238
1445941
1445942
1577015
1380412
1347652
1478725
1478726
856135
1052752
1609809
1216596
888919
4187
921691
69733
36966
1020017
888953
790652
1577095
1609865
921738
1413257
1609866
1413263
37008
888981
1609880
1085596
1380509
921768
790703
1118384
1282224
1675442
1413299
1380528
1085621
1478838
790705
4281
37049
790715
1315007
1511618
790730
1544400
1413329
1118417
1282266
1609951
1511648
921825
1577189
1347815
823533
1216752
758004
1315061
921847
823544
823546
1446140
69891
1609988
1609989
1511683
1446152
1085706
1708301
1577230
1446159
1708304
1347858
1347870
790816
790818
889123
1478950
1708341
1020214
1511735
1511737
1478974
1675583
1413440
1446210
889156
1413447
102729
1085770
1053008
102741
1479000
790877
1282398
4447
102752
1282400
1380706
1479014
4457
1380713
1610092
1413488
1675634
725363
1708405
1511800
1708410
1610114
1413507
1053059
1479046
1511820
1020302
1610128
1544597
1577368
922011
4515
1053092
1413547
1085869
1479094
1315255
1053112
1315257
1511863
1020347
1577416
1577423
823768
1085913
1577437
1446371
1577445
1479142
1642985
1380846
1282543
889329
889331
1380856
1020416
70145
4611
889348
1610250
1282571
1446414
1413659
1511967
1020448
725537
1118761
1675820
1282607
1282613
1020475
1020477
823876
1315399
1282631
1479239
1282637
1479247
1577552
889423
889428
1282648
922204
37472
922224
1413745
1479290
1413754
922237
1577603
922247
1512074
1512077
1479320
1020569
1544861
1348259
1282723
1413797
1053352
1708715
70318
1610418
103096
1053369
1643194
1053368
1086139
1053374
1381054
1577670
1512138
1413837
1217234
1381074
1479382
1577687
1610457
922330
4828
1610462
1413855
1610466
889570
1348324
1020646
1413862
103145
1348334
1381105
1086195
201461
922358
922359
1479419
1118974
37634
1413891
1479426
889609
1348362
1413898
1086222
1676047
70415
1413909
1446687
1512228
1643301
1610532
1020710
4904
1643319
1577785
1446714
1479488
1053507
1119046
1315657
1381197
824142
70487
1053532
1610590
1086303
4962
1545061
70502
1479526
1413990
4969
1610601
1119083
922475
1413993
1315695
1610607
4977
1086319
725876
37748
1545078
922487
1381240
1610618
70530
1676163
1315718
1414030
1053584
1446801
1446806
856982
856984
922521
1577882
1414043
37785
1479575
1282977
1315749
1577898
1315756
857005
37808
1610682
1020859
1577916
1414078
1446847
1545158
1086411
1381324
1381325
1053648
1053650
103379
758743
1709017
1381341
791519
1086434
1446896
922612
1545208
1053691
922621
5117
1479681
1348610
1610754
1479683
1053706
1610764
5133
1545232
1545236
726037
1643542
857115
70684
1610785
1610793
1348649
889900
1512499
201779
1610804
1381435
5187
1283140
1479750
889930
1381455
889936
1610834
824410
922717
824416
1545312
1610853
1578086
1676394
37996
1709164
889971
1447028
38009
1512574
1086600
70793
1447051
1414295
5272
758938
1381531
1021096
103595
1545391
1316016
38067
1348788
38074
1610940
1545406
1676479
38079
1610950
1643721
70858
1086670
70866
890066
791770
1512673
1610979
1414374
1545447
1021162
1479915
1414382
922863
922864
1479919
1479920
1512693
1086722
1381639
1381640
1611019
1086740
726293
1086745
1381668
1676580
1611046
1348911
103730
1512762
1578305
1643848
202058
1414475
1578318
1316175
1512787
1021270
1578327
1578328
1578329
1021282
791907
791908
1611110
791915
38264
1676667
5513
1054102
1119639
890264
1643930
791963
1119643
857501
1381790
1381786
1381792
726435
1381796
1381795
1381798
1381804
1381805
1185198
1381807
1643953
1414581
1512886
1545654
1512890
1086909
103872
103884
792013
890319
1643988
1447380
1447382
1578453
1512922
1316317
1512927
1611231
1414628
1119721
923118
1381871
923120
726513
726514
1381873
726516
726517
1021422
1021435
1283582
1119744
923139
1316360
1578505
71180
1611277
1512983
5656
1119769
890394
1578523
1119774
923168
1283630
1087022
1676852
1250873
1119807
1054274
792130
1185348
726601
890447
1250897
1513050
1054303
792161
890465
104040
1414767
1709682
1283699
1644149
1021561
890491
1283709
5768
857737
923284
1119897
759458
1021604
1316517
1054374
890541
1447599
890543
890547
1021620
1578685
1513153
1414850
1021635
890564
1382085
726728
1513161
1382112
1283810
202467
104169
1578731
1578732
1578735
1087216
1447669
1349365
1382134
1349371
857855
1283843
890634
1382158
104207
857872
1316625
1316631
1578776
1611547
1316644
1316645
1414953
1054508
1316656
1414964
1578809
1349436
1349437
1087294
38723
38725
726854
1382219
1349454
1382230
1382231
1644378
857949
1578845
5981
1120096
857957
1415016
1415020
1415022
1054579
1644406
38777
1611647
1120129
71557
1677203
1644440
1382298
1021860
759718
726958
890801
1578932
1611702
1513403
1087423
1120193
1644482
1677250
890821
1644488
1087432
923601
923603
1349593
1644509
1611742
1021917
1087456
825313
890846
1316835
825315
1087455
825322
825324
1054721
1579010
923649
923652
923655
923656
923657
71691
923660
1382413
890908
6176
1316898
1021991
1120295
1447976
1513514
890923
890926
1546296
6201
1382462
6207
792641
825410
825411
38984
1710155
1611852
1316944
1480797
1284196
1448038
39020
1415277
1054833
1120370
1415286
1448056
1218683
1022079
1448064
1644675
1415301
891014
39047
759944
6281
1415305
1415306
6284
1546381
1415311
891024
1022097
1546383
923796
71829
1579157
6292
1546392
1415332
727207
1415336
6314
1382574
1546417
1120434
39092
1054905
759999
202947
825542
1579214
1611983
1611988
891098
891103
891106
858339
727273
1579241
1415404
1579252
1087734
1677576
1415432
1022225
1644825
858395
891166
1710366
1513761
1579298
1349922
1349929
1382702
727346
1481028
1644869
203077
104777
858452
72020
1349976
1644889
1513818
1087835
1546589
6494
39263
1481056
1284450
1284452
858470
1644903
792935
39273
1284454
1448301
1022321
1546609
1513845
1513856
1382787
1448324
792966
1677703
1022344
1022345
39311
1546640
792977
1382805
891288
792985
1284506
792987
1546652
891293
792989
1022368
1644963
1579428
1382821
1415598
1415603
1546679
1055160
1251769
104889
1350072
825788
1350073
104894
1087934
104897
1677761
1022408
1415624
39368
1448397
1579471
1186258
104918
727510
1350102
1612252
1612253
1612254
924124
72162
1645026
72170
1513965
1448431
203248
1481199
793074
727538
1513971
1710583
1382911
1481218
1415684
1022469
760326
924168
1350156
72205
72207
1579541
1120792
891417
1481241
1579546
858655
1088033
1088034
1022505
105016
1645113
1186362
1415736
1317436
1055294
1120830
1415744
891456
1415751
1514056
1677897
6732
727634
793171
891482
1383006
1546853
1448558
6769
1677940
105076
727672
1088120
1481339
72316
858748
1055355
1514113
1415813
1219210
72331
891532
72333
1383054
1383055
1514128
1383057
1120914
1383058
1514131
1448597
1383062
1284766
1088158
1088162
1579684
1514149
1383082
105132
1383084
858800
1383088
760498
858803
1022646
1383097
1022652
6845
1579717
1284807
1514183
1317577
1120970
1284812
1645260
1546958
1022671
1088206
1481427
1088211
1088213
1284823
1186519
793306
1055454
924383
39648
6879
826083
6885
1415911
1383145
1415916
1350381
1383149
1383151
1415917
1022705
1514226
1415921
1383154
1022701
1448695
72444
858877
1317630
39677
1415935
1448705
1514242
1415936
1645316
1547015
203527
1317639
1547021
1383183
1415952
1350420
1350421
1678105
1383196
1481504
1481506
6951
1481512
1514281
1481513
6955
826154
1022759
1579823
72499
1547063
1088312
1448763
1415998
1448776
203596
1448780
1612624
727892
1514324
1612630
924515
1579877
1448806
105319
1481582
727920
7032
72573
7039
1514370
1514371
1514372
1514373
1579910
859014
826253
1383312
1416083
1416090
1088413
1514403
1514404
7084
1514416
1612720
1514418
1022899
793524
1285043
1645494
1448893
859070
1350593
1448900
1317833
105418
793547
1514443
1317839
826326
39899
924642
1383394
39911
1416172
1055726
1416183
1317880
1350653
1448962
859139
891919
1219601
1514514
1285137
1547282
1645590
859163
1350684
72741
1449001
924717
924719
1023024
1612851
1317945
1580095
1481792
1416265
859222
1547355
1481832
1285224
1383528
1416299
1383534
1514608
1350770
1285236
1580149
1350773
7286
1318008
892025
1580156
1088638
1678463
793733
924805
1580167
105608
1449097
1383571
924822
1023128
1580185
1023131
1252509
105634
7332
1711279
859313
728249
1514682
1678531
1547459
1318084
72903
1678536
761034
1121484
72909
72911
1514705
1613011
1023198
1383650
924901
1580262
1580264
859368
1514732
728303
1514743
892160
1547521
40194
7431
1449224
1580297
1547530
72971
728331
105744
40211
1088787
1383701
1547546
1056035
105770
1613103
1645873
1383729
826675
1318196
1088825
1023291
73020
826683
892222
1449278
728385
1023298
728387
728391
1318220
1383756
1711438
1023313
859475
1056087
1088856
73048
1482073
1482075
793952
1482080
1645926
1285480
1383790
7536
1547635
925043
1547638
1416569
1383803
1318268
1711485
728447
73088
793983
1023362
1023364
1449349
1514888
1580426
1351051
1383825
826773
761238
1678746
1580443
728478
73124
1121702
1285543
1285550
1383859
1088949
892342
1547705
1383871
1514946
1383875
1547716
1580485
1482179
7623
1580490
859598
1121745
728535
1023453
1023458
1023459
1449447
1416682
1514991
1056239
1252849
1514994
1514993
925173
1121783
1416697
794107
1121788
1515003
1678848
1121793
1089029
1580552
1416712
1711631
1449488
1383960
1416729
1056285
1056288
1089061
1482278
1089063
106040
794170
794172
1515069
1580608
892482
1285701
73290
925263
40528
1613394
1318482
1318484
40533
925266
1416792
859737
73309
40545
859747
1056358
1449574
1285735
1515114
1515115
1646188
7789
40554
1121901
1351285
892534
1089143
1711736
892537
925306
40570
1482361
1187449
1580670
1547903
1580673
1056386
1515139
1580676
1384072
892553
1318545
1515156
1646228
1285785
1384101
1318568
827052
1416876
827054
1285819
1482430
1384135
1679049
1318605
794323
1679063
827099
1547996
1122020
1679082
1318641
1515250
1023731
1351413
1023734
1089272
794367
40704
859905
859906
1384195
1449732
1122051
859911
1580808
1515275
859917
1122063
1482512
859921
7951
40729
40730
1416995
1580836
1089319
1482541
1646383
761648
1548082
827187
1515317
1482550
1515319
1482554
1122108
1449792
1449794
1417028
106311
1449801
1548106
1122130
1580883
1318742
1056598
925528
1515353
827230
925535
1613665
1023844
925541
1580905
1023860
1351541
1613685
1515382
8063
73605
1351573
892822
1286043
892832
1679268
1384360
1679273
1712041
1384365
1417139
40888
1056696
1580988
1548223
1089473
1253317
892875
925645
1449934
1548240
1253328
8146
1253329
1351636
1417172
106455
925660
925661
860131
1253347
1318885
1548261
1089511
1417192
892907
1646576
8177
1613809
1286131
1056756
1056757
1548281
1023994
1089531
1646587
794619
1220606
1122304
1581068
1548309
1024022
40987
73756
1450015
1613859
106532
1581091
1122342
106535
1286181
925741
1024048
1089590
892986
1089598
41023
1679426
729156
892997
1613895
1384522
1024075
1286225
1122388
1351765
1319009
1515620
1089638
1581164
1187953
1515635
1548404
106618
1482875
1482876
1482877
1024126
1482879
1482878
1056903
8328
1056904
106640
1220754
729237
794775
1515673
1417370
1056923
73887
1581220
1581223
860331
1056943
1253557
1417398
1515718
1286345
1417425
1089748
8411
1515740
1351901
1482974
1515741
1515742
1417451
1319161
860413
1581312
1614083
1581316
1384710
1679629
1089815
1515800
1614106
1089819
1057051
1057058
1057060
1515816
1024305
1483057
8497
1057076
1483058
8504
1253689
1057083
1286459
1319229
74046
1581378
1646916
1483078
1679688
1352010
1548621
1089872
1483096
1581405
1450335
1614178
860518
860519
1614184
1089907
860543
860546
1352081
1548691
1450390
1417624
1319327
74145
827809
1483173
106926
1089976
1483195
1515966
1417663
1417664
1024452
1384905
1679817
1515980
926164
1286613
1090009
1090012
1679836
8670
827871
74208
1024478
1483230
1384929
827876
1516007
1581545
729580
1647088
1581552
1352190
1548805
1024519
1024520
1090061
74260
1286681
1417754
893467
1450524
1188382
1581607
1516079
1450551
1450552
860730
860731
74303
1057352
926282
860748
795212
926287
1122897
1122904
205402
893538
1253986
1057379
1614436
1352302
8818
1024626
1024628
926326
795255
1483386
795266
1614466
107140
1024657
1352341
8855
1581720
1548953
8858
1057436
1122976
1024672
8868
1417892
1614502
1417900
1122991
1680048
1417907
1548981
1680062
1385157
1417926
1614540
1581776
1450708
1024725
926423
1024729
1319643
1614556
1024732
1385187
1483496
1417961
1647338
1647339
1581804
828146
8947
1483510
41719
893691
1385211
107263
1680132
1680139
795403
1385228
1024795
1549084
1516332
1581874
1286964
1385280
1581889
1385292
1418065
1581908
1319764
1549145
1385305
1090396
1385310
1516386
1090403
1680228
1483623
1680232
1418091
1680237
1385329
1680247
1090425
893821
1483646
205695
729986
1418115
9092
1418121
730000
1418133
1647509
893847
1418135
926617
1647513
1024920
1057689
1418134
795551
1057695
1057698
1581990
1057706
1450922
1450923
1057708
1221548
1221554
1516479
1418175
74688
1483714
926660
1123270
1156039
1156041
1385424
1090514
1483731
1418196
1614806
1549276
1450973
1057758
1614818
1254371
1582054
1614826
1516522
1287151
1123312
1418225
1123316
1680378
893949
1418243
1582086
1516551
1319947
1516559
1254419
9235
1483798
1123360
1549346
1385508
1516580
926761
1287213
9263
1483830
1713210
1418302
74818
1385544
1090633
1614924
1156174
1057877
1647705
1352801
9326
828530
1352819
1221749
926843
926844
1385596
1385598
9342
1614976
894081
9346
1418372
1385613
1680525
730255
926865
730263
42136
1352858
1647771
1483935
730272
107681
1582244
1123493
1123494
107687
1090727
1582249
9389
861361
861370
1385662
1254595
1156295
894158
1647822
1418452
1123541
1615063
1483994
1582313
1418475
730349
1156337
42228
1352952
1418489
1385720
861441
1582341
1516805
828678
1058057
1418506
1484042
1123596
861459
1156375
1484055
927003
894237
1025315
1156388
894245
107815
1058090
1254699
42284
1615153
1680689
1090872
107833
1615165
1549631
1123647
1615169
1385799
42316
828750
1025362
1516887
927066
1385818
1090908
1156445
730464
1025378
1385830
894315
1615219
1615222
1385849
1713539
1385867
1320338
1549719
1123735
1090967
763293
1451432
1451433
1516973
1451448
1549756
894405
75208
828878
1517007
1517008
1353174
1648087
1582554
796124
1320414
1517022
1582568
1680873
1549802
1648104
1582576
1451505
1058290
1615346
75252
828916
1287668
1451512
1353209
1582586
1058299
1451514
1582589
1123836
1025536
1451520
1058307
1123846
1615368
1123852
1320461
828940
828944
1189396
1287701
75288
1549848
1025561
1058330
1418780
1582616
1386018
1386019
1680935
1386026
730669
42542
1451565
1549872
1517112
1386041
1615418
1353282
1353283
1418819
1680966
1517130
1222218
75340
1418826
1451598
894544
730708
42582
1353307
730716
894560
1549922
75362
1091171
1222244
730729
1418862
1517175
927355
1582718
1386110
1287808
1648257
1451653
1451654
1058438
1123979
763532
861838
1549966
1713809
861842
1582741
796317
894627
9892
1517224
1353386
763563
1517228
75439
1156784
1386164
861878
796343
1124024
1287865
42682
829114
861884
1222333
1353406
1484478
1517248
927417
1550020
894671
1156815
1386198
1484504
1287900
1550053
1025771
1648365
1091312
927472
1713909
1517302
1320695
1091325
1091326
1648383
9984
1451775
861955
1156871
1124105
1287950
1353487
894738
1156884
1484565
1451797
108312
1320729
1353499
1517342
1124127
1713952
1419041
1353505
1386278
829224
1025835
1419051
1648428
1124140
1451822
1353523
1681206
1320760
1419067
1386301
1419069
1058623
10048
1124160
1353538
1320767
1419073
1582919
75594
1517389
1517391
1517393
927569
1517396
1025877
796505
1517401
763744
108385
1124198
1582962
1419122
1386355
796534
1582966
894847
1681282
1484674
731012
1058690
1582982
42888
829323
927628
829325
1550222
1353612
1353616
1353614
1353617
1353611
1353613
1353615
1320854
894871
1681302
1451929
75677
75679
1025953
1353633
1091491
1615780
927653
1419177
1419178
1451951
1517492
829365
1517496
1517498
763846
1615817
1025996
1451980
1058767
1157075
1517526
1484769
108516
1583077
927720
1419242
1452011
1091566
731122
1320947
1681400
1353722
1058811
1648636
763901
731131
1583103
1583107
763907
1288195
1091587
1517577
1419275
1091596
1353741
10254
1058828
927761
1353748
1615892
1517591
1583138
1550377
1321002
763950
1255474
1058867
1681459
75829
1288248
927807
1615942
1386570
895051
1517650
1091667
1517653
10329
796764
731245
1321070
1058926
1517681
1550453
1615999
1616000
1484931
1452164
764038
1452168
1517709
1452176
1681556
1484949
895126
1091735
731288
764065
1091748
1419428
1026214
1288359
829608
1124524
1550518
1222840
1452217
43196
1550536
1419465
1485001
1485003
1288403
1681622
1517783
10456
1091801
1419482
1386716
1616093
108772
1485029
1616101
1353970
1452274
1353972
1648893
1124608
1157377
1124610
1419521
1222915
1648903
1550603
1321228
1386765
862480
1485074
1681682
764180
1288469
928022
1091862
1681689
1616156
76063
1157408
1419553
1419554
764195
1419556
1419552
43300
1419559
1419560
1091883
1354027
862510
1354030
1288496
1681714
1321268
928054
1419577
1648955
1059131
1419581
1419582
1419583
1091907
1124676
1059142
1419600
43350
1354071
1419612
895329
1485156
1550695
1419625
1681769
1386858
76149
1485176
1616262
1157516
1091983
1550737
43410
1157522
797079
1583513
1616291
1517990
1517992
1616297
1386926
1386936
108985
895417
895419
1452476
862651
895421
1059262
1354174
1616314
1616318
1124804
1059272
1649096
1223112
1419723
862668
895447
1255895
1518041
1124827
895456
1157601
1190370
1157602
862692
1354213
895464
1354217
76267
1681903
764401
764402
76282
1059324
731653
731657
1157647
1419793
1649173
1681941
895516
1419806
1452575
1583648
76321
1321502
1452580
1321508
1288741
1452583
10795
1321516
76334
1288750
1387054
1387061
1583671
1419836
76348
764478
1288770
1354309
1288776
1419852
1124941
731727
1550929
928340
1354327
1550935
1321559
1026650
1518171
1026655
830052
109156
1026662
1321573
1550956
1419886
862831
1616495
731766
928375
109177
1518205
1157758
1387135
1583744
1157762
1256069
862861
109198
1288847
1518222
1387156
1616533
1157780
1288855
731802
1583771
1485469
1518238
1616543
1583773
895648
895650
764579
928421
764581
895655
1419945
830122
764586
1157806
1419951
1321646
895665
1485487
895663
1026743
1157817
1649338
1125053
928447
1092289
1649345
862923
764622
1452751
1419984
928465
830159
1419985
1551060
731859
764630
1485527
1419995
1288924
1223389
1026785
1485538
1059556
1485541
1059562
1321710
895728
764667
1420030
1420031
1518336
1420033
1420034
1420035
1452804
1321732
1092367
1354513
1485589
797463
797465
1485594
797468
1420061
731939
863015
1682220
1518380
1420078
1551152
1452857
76605
928576
1518403
109380
1616707
1452872
1420108
1551182
928592
1518419
863061
1289046
1682265
764764
1354591
1616736
1387361
1092448
1452899
1321828
1616741
797542
1551206
1321834
1223533
1452920
732026
1321851
797564
1518461
1583994
863110
1452936
764811
1125259
1092492
43920
1125264
928658
928659
1616788
1682325
1518487
1158041
109471
1125280
1026980
764839
1616817
1059763
863157
1551286
1420216
1518520
1584057
895930
11199
1059784
1453001
1059786
1387467
1059790
1420239
1092562
1518548
1092570
1616862
797662
764897
1158114
1125345
1551335
1584104
1354730
109563
1518587
1125376
1354752
1387522
1584133
1289223
1584137
1649676
1420302
830483
1354772
1289237
1289236
797721
1027099
1158172
1518621
1551390
1453086
1453090
1453099
1649709
1092662
1289272
830524
1453122
928835
1584207
1420368
1649744
1158223
1649749
109657
1092699
1289308
1256540
1551454
1485922
1223786
928876
1485933
1027183
1387632
1354866
1518715
1289340
1518720
1420421
1027207
1485964
1551510
830616
1617049
1387673
896156
1518749
896159
1682593
1027235
1060009
1158324
1223862
1092791
928953
1092796
109758
1354942
1092800
830656
1387713
1092802
1092807
1420488
1289419
863436
1649881
863456
1289441
1191141
1092839
1420520
1486058
1420525
1420526
929008
1518832
1649904
1420529
1289460
1158387
1355001
732412
109821
732417
896262
896264
1289480
1289490
1158419
1158420
1420565
830741
765207
11544
1420569
1289496
1420566
830748
1289505
1355042
1584423
1158449
1092914
1682745
1518909
1158463
1125699
1649989
1224006
732485
1617227
1551693
1289550
1486159
1355096
1617242
1584480
77159
1584489
1453420
1518964
1289592
1355128
1551739
1060219
1584509
1027454
798081
1060232
1518985
1617291
896400
1060244
1027484
1289636
1191334
896429
1715629
1420720
1650101
1191354
1191357
1191359
110019
830916
1224133
1322439
1387976
1617351
1584584
110027
1486279
1650132
1519061
1486297
1093082
1486299
1387998
77281
1289701
1584618
1486315
1617386
896493
896494
1420783
1355242
1355250
1060349
1617406
1420800
1322505
1420811
1519117
1551887
1125903
1617431
110104
831001
1453593
1650203
1650204
1650205
1125914
1125920
1551906
1060386
1158694
1060391
732712
1355304
732717
77360
1420850
1584693
1715768
1289785
1060409
1322554
1584697
1584701
1289790
929351
1519177
1060426
798287
1027664
1289814
1093207
1322587
1388132
1388133
1060455
896622
1551986
1126003
1584754
1453684
1486452
1453687
1289848
1420915
1289850
1158780
1093248
1552000
1584770
1289863
77449
1388174
44689
798354
1388180
1289877
863894
798359
863895
1355420
1552033
732834
1388195
77476
798371
1093285
1617572
1060523
929452
1224370
1158838
1683131
1355451
1486526
1584831
1158863
1322705
896726
1289945
1126115
77543
1617640
896747
1158895
1322739
1453814
1519352
1453818
1126140
1453820
1027838
1617667
1617669
1486597
1388295
12040
929545
732935
896778
1650445
831246
1126162
1519380
1617686
1388311
831259
77597
1388319
1388320
1552164
1355559
1322791
1519401
1027884
1519405
1486640
1683252
1093430
1158967
1584952
1453883
1552189
798528
1126216
896841
1650505
896842
1355607
1126234
1519450
110430
831327
1585002
1159019
896878
1322866
1617780
1617782
1388410
831355
1159036
1290109
1421182
1585023
1060736
1617798
110471
1060749
1388430
1650575
1552275
733076
1421204
1126294
1060755
1355677
1224608
1290149
1585064
1519534
12208
1191857
1093557
1454007
765880
1126328
1454010
1388486
1322952
1388488
110536
1388490
1585101
12239
77776
1486800
1421265
45012
1355732
1060822
896985
1716188
1388510
1552358
1650664
1421289
1617898
1355754
864233
864240
1159152
1159154
1028087
1585149
1159167
831489
864264
1519625
1355786
1126411
1519628
864270
1355790
1519632
1093649
1323033
110621
1093672
1650729
897067
1454124
1093677
1060910
1355823
897075
1650739
77877
897077
897078
1093683
1617977
1028153
831547
1093691
1355839
798783
1421378
1552451
1585219
1355848
864328
1355855
733269
1060955
929887
1093728
1159275
1486957
1552493
1454189
12400
1159281
1388658
1028215
1060990
929920
1159297
929921
1126533
1519751
1323143
1388686
700564
700565
1683606
929940
1421461
831641
733337
1061027
1618084
1257640
1093800
78003
1519817
929994
1519820
1421517
1061069
1487052
1421523
1585364
1454298
798941
1421538
798949
1454311
798955
1290476
1585389
1683695
1487091
1224950
1224951
1224952
1421561
1487101
864509
1159427
1618181
831749
1290504
1290505
1290506
798985
1323274
1093897
1093903
1650962
1519894
1552670
1421601
1421602
1421603
897315
1159464
1093928
897322
1028394
1061164
864559
78128
1126703
1061169
1454384
700721
1454389
1388855
1356090
1552700
1356093
700733
1421636
1356104
1552719
1519955
1126741
1159510
700764
1487197
1487198
1421665
1487202
1061219
1552743
799088
1683825
12659
1094005
1094007
1094019
1192323
1520006
1520007
1487239
930184
700815
1094032
1487252
897429
1094038
733590
1651094
1552797
78239
1552800
1290658
897448
700841
1454504
864683
1061288
1094058
1454510
1585583
1520047
1388978
1290677
1388982
1028536
930236
799165
799167
700863
1487295
766404
930245
1094084
1421766
1585608
1389002
1061322
1323468
1552845
1094093
766421
1126874
700890
831967
831968
1389030
78311
1389034
12779
1585644
864749
1520108
1487347
1520118
1421816
1389050
700923
1094139
1552890
799231
1192448
799233
799235
1389067
1487371
1323531
1389072
1061393
1585689
1421851
1651235
1421865
1126956
1421871
1552946
1421874
45621
799288
1389115
799292
930364
1126975
864839
1585738
1421901
1487439
1421907
1552979
1356371
1651286
1487447
1520216
1225307
1585755
1094238
766561
832101
930405
1651308
275053
1389170
930420
1454712
78460
1028734
1454719
12927
1323648
1553023
1585790
1618563
1618561
1454725
1520262
1323653
1061507
1094285
1290900
1454742
1290903
864921
1421981
1520287
1389217
1487522
1520300
1094316
1356462
275119
12978
799414
1553079
1487544
897723
1585854
1520320
1520321
1454789
1487561
1094348
1651407
1094366
1520353
1520358
13033
1422059
766701
1389294
766704
1618673
1094392
1127160
930553
1389305
1061630
13055
1487623
1356564
1422105
1356570
1422109
1356576
865058
1127203
701221
1487659
1618732
45876
1028918
1061688
1553210
1422141
1422142
1422143
1618755
1618756
1487685
766792
1127242
1127245
1323854
1127248
1028954
1389405
45919
1487712
13156
897893
1487718
1389413
701288
1389415
1651561
1323885
1618798
766829
1553264
1487730
1323891
1094517
1651577
1028985
45947
1520512
1586049
1422215
1422220
1422222
1520528
1618835
1553304
78749
1029023
1487775
701345
701347
1487782
832428
1553326
1127342
1520566
13239
1586105
701374
1323974
1520586
1127371
1389518
799694
1520592
1160142
799698
930775
1422295
78814
1487839
832480
1487843
832488
832489
1389545
1618921
799729
1618930
930803
898037
78838
930810
1094651
1553404
46080
1651716
1029125
930835
1422357
1029142
1029145
1684506
1684508
1520668
1487906
78890
1487920
46129
1127475
1586227
1520697
1356857
1487931
1553467
1487933
1487932
13372
1487941
1160262
1324105
1029199
1487952
1094738
1094739
1094742
1061983
1291361
1455206
1520744
799850
1258602
1619055
1487986
46195
1160308
1487990
898171
1586300
898173
898174
1487997
46207
1487999
865415
1160330
1619087
1225874
1356949
1619096
1094808
1094810
865436
1324189
1094814
1062047
1488039
1455271
46250
1094831
1029299
1553588
1094847
1586372
931015
1488075
1389772
1684688
1553620
1324245
1488087
1651932
1389797
1619174
1651944
1520874
1553643
1029356
1324272
1062128
931058
931059
898293
1651958
13573
1488139
865549
1651987
1586452
1455380
1586454
701719
1651992
1127703
1619227
1160479
865570
1586468
13610
1389870
1619250
832818
1389879
1324344
1357115
1586494
1586495
1553734
931148
1652044
1029454
734543
1258831
1586513
832847
1062231
1095007
1193311
931182
1619312
701811
1324404
1521013
1586554
1324410
1553788
1062273
1029506
898437
1652101
1324424
1652106
1521036
1586573
1062292
1357204
701853
1095073
1652130
1652133
1553830
1521065
701869
767405
1357231
1422768
1586609
79282
1488309
1324482
1390028
1029581
1619409
1324503
865752
1095130
865754
832988
1095133
1324518
1095146
1488366
800240
1390072
1422841
931336
1422862
1357326
46619
800286
701985
1455650
1488419
1488420
1259045
1062438
1586727
1422892
1685040
1062449
1357361
46640
1324592
1390134
833079
1488438
1127993
833081
1357371
1455684
1226308
1521222
1455694
1685071
1291855
1062478
1390162
1619541
1160791
1619551
1029730
1095266
1422949
1619558
1062506
1095277
1029744
1488501
865911
1095291
1455741
865917
1062530
1390213
1554054
1652362
1357450
1160846
1422992
1357459
1095315
865941
1455768
1160858
1029800
1029802
46765
1062579
1521332
1095348
1324736
1029831
800457
800458
1455819
800459
1095373
1488591
898770
1390292
702165
1062613
1324759
1357531
1324772
1488613
1390312
276209
1160945
1685237
1390329
1292026
1128189
1160958
1488638
931584
1423107
866054
1521417
1521420
1554196
1292055
1619739
1128227
1586988
79661
1357615
1554225
1619762
1455926
1652535
1292087
1521466
1652539
276283
1554238
1685311
1554240
1554241
1062720
1521476
866121
1357642
1652561
1128281
1161049
14177
931683
1357671
14195
702325
1423221
1587063
1226616
1554300
1062781
1423243
767884
1095565
1390478
1521549
1456016
1423245
1423246
1423244
1324948
1619870
1128353
833444
1062822
1128361
1030058
931755
1488813
767920
1095600
14272
1161154
1390533
1619914
1619917
1685462
931799
1456090
1357787
1423325
866273
1095651
899045
899051
1619954
1259515
1423357
47111
79879
1456137
1357838
1488917
1587221
47129
1259550
1488934
1587246
1128495
1030192
702513
1357878
1423417
1521722
1456189
1030206
866368
1587264
1685570
1095747
866374
1456212
1620053
79958
1587285
1521762
1161315
1620070
1325159
833640
1652842
931948
1685616
47217
1390705
1357939
1489024
1652866
1128581
866439
1652871
1292426
1489039
1357971
1161364
80019
866458
1554594
80035
1095858
702644
1489077
1423542
1521847
1390777
1390778
1652923
1652926
1063104
1489096
47307
1620179
1685715
1587413
1390804
768216
1423579
1063131
1652958
1325279
1325281
1423586
899297
1423588
1292518
1292519
1358057
1489136
276720
1489137
1358071
1489147
1390844
768251
80124
833795
1685766
1489161
1292556
276750
932111
1227025
1358099
1587476
1128725
1063197
1521951
932136
1390891
80172
1095981
866609
1620280
1095996
899394
1587523
1030469
1030471
1456455
1423689
1161550
1030484
1128790
1063254
899426
14693
1489256
1653099
1423723
1292653
1358190
1161582
14707
1096061
1423746
899460
866706
1489300
1325460
768408
768411
47518
866729
1620393
1554859
1358254
1063344
1554864
1587637
1554875
1096132
1522118
1522120
1522121
1096142
1423824
1489367
1522138
1554906
1128928
866787
1161706
1620459
1554923
1489393
1522164
1522165
1653242
14846
1653247
1161728
1227265
1554947
1227268
1522182
1096199
866829
899597
1227282
1358356
1587732
932372
1391127
834071
1554970
1423902
1391135
1391137
1522211
80420
1391142
1522215
80424
1522214
1587755
1522219
899629
1522222
1522221
1325618
1620533
866873
801337
1129018
1522236
899647
1620546
277058
1358403
801348
1391174
1063494
801351
1555017
14930
1096275
1129048
1030749
47710
1555039
1292900
1325670
1096294
1096296
899689
1096298
1063530
1325676
1423974
1063537
834162
1555074
899715
1456772
1096325
1325702
1325703
1129096
1555082
899723
277135
1358483
1686164
1096339
1391253
1096343
1522327
866970
1424030
1129120
1456802
899749
899751
1325740
1489588
1096376
1620664
1260221
1096385
1129155
768710
867028
1456857
867038
1620702
1424100
1653477
1555177
1227500
834285
1489644
1030896
1063665
1522420
1325814
1161976
1030916
736012
1620749
1555214
1162000
1587987
932628
80661
1424151
899866
1391390
1096481
1522469
310056
1358633
899881
1129260
1588014
1391407
1325878
1325879
1424182
1653558
1358651
834365
1358654
1260349
1391426
768835
1555280
1063761
1489744
899923
932696
932699
703329
1456993
1653606
1096550
1522538
1096555
703339
1588084
1031029
1031028
703351
1489784
768890
1653629
310142
277375
1162112
703361
703360
768899
1325955
1227654
1325964
1260429
310158
1653653
1424280
1293211
1555365
48039
1522602
1358762
1620908
932781
900017
932787
1031093
1096637
1620928
1424328
1653710
1096654
1162194
1489874
801748
1391570
1293282
1293283
1489895
900075
1489902
1358831
1686515
1588216
15357
1293310
1391614
1522690
1555458
277509
1522699
1588238
1522704
1588242
1293330
1424404
1391636
1326110
1424415
15393
1096738
1031203
1555492
1522724
1489955
1522727
1162283
867374
1096752
1031223
1096759
1391674
1489979
1653821
1326141
1096768
1031233
1031235
1129542
1424454
1424455
1162315
1522767
1326160
1260625
310354
1555538
1162324
1096788
1096791
277595
1522787
1555560
801898
769131
1195116
1326190
1555571
703604
1653876
1326200
81018
1653882
1064060
1326205
1031296
277638
1490054
1391750
81033
1096840
1031316
15511
1096857
1227930
1064090
48287
1129633
81061
1424549
867493
933034
1326250
933036
1326252
1064116
1391798
769207
81100
1621199
703699
1522903
1653979
1162461
1621221
1096934
1096938
1621227
1096939
1326321
1490161
1490165
1096950
310522
900349
15615
1424640
81157
933136
1424657
933141
1293593
1457435
1260828
1326364
1228068
310568
900393
1326380
1555767
1162556
1391933
1326396
1424718
867665
48465
1326428
867687
1490281
1424755
769397
1424768
1654151
1457543
277905
703901
277924
1555877
81318
1260968
277928
1490346
1424812
1621430
1424822
1621434
277948
867773
1097149
1260990
1490366
1129920
1621443
835011
1260996
835012
1031623
1424844
1457612
1490381
1424847
802257
81362
1392091
1424864
15847
310764
1490412
1424879
769520
1326583
1392121
1293818
867840
1555972
736772
835095
1687065
278041
1555995
1424929
310826
1097264
933425
704051
802356
736822
769594
1621563
1490490
1326652
1162816
1359425
1457737
48732
1424988
1228386
1261159
278128
278130
1326706
867963
1588869
1326732
1162896
1359504
1130128
1687187
1293971
278165
278166
704159
1130144
704165
1228454
1359527
16040
704172
802481
1326771
1097396
1687221
1130166
1556148
16058
1687229
1294016
1261249
1621697
1359555
1490626
1490630
1392326
1556169
1687242
1523404
1490636
802510
1326801
1556179
1195734
933590
1097430
1031896
1326807
1490653
1490658
16099
1490660
16104
1392363
1588972
868082
1261302
1031927
1163003
835324
1392380
1457919
1556226
48898
1490700
1130258
1425173
1490711
1064728
835357
1523486
16160
1556263
1556266
1425203
1556276
1425205
311094
1294133
1654588
1392448
1392449
1261379
1589061
1130310
1359687
1326917
1621832
1294154
1294157
1228627
1359699
1392477
1032033
1589094
1458023
1589096
1392486
933738
704366
1523567
1425264
802681
1261436
1294208
704384
1032067
1425287
1490824
1425289
1392522
1425292
1556364
1130385
1621906
1556377
1163165
1195933
704415
1589149
1392545
1589150
1064863
802724
1294250
868267
49071
868271
1261487
1392562
704432
868278
737207
704440
1490873
737210
1163199
1556416
1425355
1490892
1687505
1490906
1327068
1130464
1359841
1425392
1490930
1687542
1097718
1490949
1032208
868368
704532
737300
1523733
1032220
1556508
802851
1163300
1163302
1490983
1622057
1425450
1065001
49196
704561
704562
1392694
1359931
1097792
933954
1294404
1163332
1065034
835662
933972
1163348
1261654
933974
1491029
1065049
1327195
1130591
1065059
82020
1294435
1130598
901219
1163370
1589361
1556593
1065078
1523836
1163389
1261694
1065087
1065088
1327238
1097864
1294476
1523854
1523855
835729
802967
1425565
1622175
1654948
1261734
1097896
311471
1622194
737468
1425597
803014
803016
1294538
1327318
1622231
1130713
1425627
1655008
1622244
803044
16614
1065188
1065189
1392875
1655020
1065201
82166
1556727
868611
1556739
1327364
1130758
1392902
1196298
1294608
1556753
1589526
1098009
1556766
1229089
1655075
737572
1294632
835887
1425715
1163573
1130808
1294649
1524025
1491262
868671
1065280
1556801
1392960
1261888
1294662
1622345
1392972
1622353
1360214
1163609
1229146
16732
803164
1327467
1687919
1327471
1130866
901491
1065332
868725
1687926
1524083
1393020
1687932
49534
868740
1163653
1622408
1130889
1130888
1229195
1425808
1393044
1458581
770460
1393052
1098146
1556898
934306
1098151
1393066
868780
1163698
1687999
49600
1327557
868809
1360334
1327567
49615
1196501
1262039
1622491
1163739
1425883
737758
1524190
1491419
16868
16875
49648
1327603
868857
1524223
1425919
1425923
1458696
311817
1622536
1622537
836106
1491471
1458704
16918
1491479
1262104
1491487
1098277
82473
934445
1491501
934448
1622577
836147
1655349
1098296
1032761
1360442
836157
1688126
49728
1491525
1327688
934473
1294924
1131089
737875
1131096
49754
1426011
16988
1360474
1622620
1000045
1491576
1262200
1065598
1524358
934538
934543
1360530
934547
1622676
934549
1557142
1163932
1393311
1589919
1032863
49826
1360564
1360565
1458868
1163966
1327811
82628
1262279
1458891
1393356
1393359
901842
934612
1491675
1360604
1131227
1098462
1393371
1065696
1295079
1164012
1622767
1000177
1098482
1000180
1524471
934648
1524472
803578
1393403
1688316
312065
1557255
49930
1032975
49938
1458962
1393434
1065754
1590044
1000228
1000229
1622822
1000230
1000232
1360683
1131312
1033012
1327926
1393463
1459003
1131324
803647
803649
1491778
869187
836429
934739
1622867
1000278
1557340
1622879
1327978
1000298
1065837
1622893
1360752
1262450
1491828
1491829
1491830
82811
1557376
1328003
1393540
1065860
1065865
934796
1393548
1328015
705432
1688476
1164191
17313
738214
1033128
1557421
50104
803771
1557436
312257
1131457
1393612
836564
1622996
1164246
1164255
1164256
1393631
1655780
1623013
1623016
1623024
1459188
1360886
1491959
1688568
1459200
1360901
1524741
1000459
1328143
1131543
934936
1131554
1623077
1524774
1459241
1066026
1295401
836658
1557565
1393726
1098813
1459266
1688647
1426506
17485
1393744
1328208
836690
1492052
1459287
1688667
1590364
1524829
1426530
1393772
1328237
869484
1590383
869487
50292
869495
1066104
1492091
935036
1295484
1098875
1066107
1098880
1361025
902274
1098881
1524872
1426568
1557644
1295503
1590418
1492116
1066134
1393818
869531
1131675
1262751
1098911
1655971
1557668
1492135
1328300
1000623
1262768
1492151
771266
1524931
1295560
836809
1492168
1361103
1066194
804055
705752
1459417
1361113
1393883
1098972
1590496
1262823
1230058
1000683
1557746
1098996
1656053
1000694
1393909
1000697
1459450
1164552
1066254
1393935
1426703
1688852
1459482
869660
1590560
1557796
1590565
1557798
50471
1492261
83246
1295664
1000753
1525040
1590584
935226
804154
50493
1623360
836937
1492298
1426780
1361248
1295714
1492324
1688941
1394029
1262959
1426800
804212
1426808
804217
1557883
1099132
1131903
1262976
1131907
837010
1394069
83350
1099160
1394074
1590685
1426850
1230245
1590695
771497
804269
1656239
17843
1557939
1164727
1590714
1590715
1394108
1590717
1328571
1426874
1295810
1263043
1230276
1328581
1492422
1394120
1492426
83402
1099215
1394130
1099219
1328598
1590743
1590750
902622
1492448
1099234
1525221
804328
1689066
1492459
1394156
1394159
1459697
1361394
1558009
935419
1689084
1000955
1426945
1623554
1656328
1328654
1590799
1328655
1230355
1099290
1328670
50725
1623590
1525287
1099305
1623595
1459764
837173
1066551
1525306
1623613
1361470
1164863
1492541
935493
935494
1558085
1132105
1295947
1001039
706129
902739
1427030
1590877
869986
1099369
1066605
1590895
1132143
1001082
1328769
1361538
1361540
902791
1492617
18061
1394319
1459862
1328792
1492633
1001115
1066656
1066658
1164964
1590955
50863
1033905
1689265
1492658
1656501
1066684
1230524
1590976
1492674
1165002
1492683
804561
1001171
1492691
1558235
1099509
1525494
1328888
18169
1361658
18172
1263364
1066764
1656589
1394446
50957
771856
1001233
1099534
1328910
1558294
1328919
935703
1001250
1689382
1001258
1230634
935724
1361709
1099568
18230
1099574
1591096
313143
804671
313151
1001279
51011
1099590
1034054
1001288
1296205
18255
837465
1492832
1001316
1034088
771950
1623919
1492850
1329011
837490
1591157
1623925
1591165
1492869
804753
1689490
1099668
1427352
1296286
771999
1558432
1001385
1558441
1066923
18349
1329069
1165231
1492915
1558465
51143
1329099
1394638
1099728
1361872
1001426
903127
903129
1624025
18396
1132509
1460198
1329136
870385
1001463
313337
1296391
1165320
1525769
313353
1460235
1525773
1493006
1361937
1099800
1165336
1591330
1361955
1493040
1296435
51253
1132597
1558583
1067063
1296445
1361983
18498
1624140
1362004
1591387
1525852
739421
1427553
1296484
1656936
1460329
1132651
1427570
1493109
1427580
706688
1001601
1001604
1001606
313478
1525896
706698
1624203
1001614
84112
1493137
1263762
1493144
805022
1132704
84129
1493174
1427639
1394872
1427644
1493182
1689796
1099977
1689813
1657045
1329365
805080
837852
1591517
1493212
772320
1493225
51434
1394922
1525998
1329394
1263872
1558785
1624322
1427714
1362180
1624326
1394954
1591565
1362190
313616
1493265
772370
84246
1067286
739608
1067294
837919
1591588
706863
772406
706874
1591615
84290
1689923
1034563
870732
1329484
1198415
870743
1132887
51548
1034592
870753
1034594
1526113
1526119
1657197
1001838
1526125
1329517
313716
1591670
1558902
18808
1460602
215419
739708
1296774
1329548
1001871
1526160
805264
1591698
1100179
936340
903571
1067419
1690012
870815
1657249
1657250
1067428
1526183
1526185
215466
1100202
870826
1034669
1001902
1034670
1001907
805305
51644
1624512
1624517
1329606
18886
936395
1558989
805326
936402
1591763
1427925
1591768
1559001
772572
1460702
1690080
903651
18926
313838
1100270
1493491
1296884
18937
936446
1034755
1395205
1133062
1034760
1264136
1559053
936468
1493526
1591834
1362468
1329701
739878
1493552
1002037
1165880
19002
1493563
1133116
1362491
1493566
1002047
1460801
1493570
1624644
1591877
1362502
313927
1428040
1428042
1428043
936528
1591890
1624658
1362516
1493587
1493594
1034842
1100380
739944
1591913
1100394
707179
1100397
1559157
1395317
1100412
1559172
1493637
1329799
1493639
1591956
1002135
1100441
1297067
1329842
1166003
1067701
1592000
1395400
1133260
19149
1493712
1592016
1133266
1166036
1624794
1657564
1690334
1559270
1428205
1002225
1395445
1526520
1592057
1035002
1624826
1559289
1592058
1100542
1133311
1329919
1493761
84748
1362703
1690384
1526543
1362705
1362718
1297184
772897
1329957
1657642
1592107
805676
1166126
1100592
1297203
707388
1067837
1559356
1166141
740156
1624899
1690437
1297223
1526600
1526608
1035092
314197
314203
1067873
805729
1330017
1100644
84839
1133416
1133421
1428336
314227
1690486
1002360
314237
1395585
1493893
1657737
1100682
1166220
904080
1002388
1624982
1002390
1624985
19353
1133470
805792
1526689
740260
1428389
1690536
1428397
871344
1002422
707511
1297336
1657788
1297341
1559484
1100734
1035201
1526726
1264587
1657803
1100747
1067983
1035216
1625042
19411
1166291
1428439
1493976
707549
1592288
904163
1461219
1526759
216039
1100778
1362925
1100788
1461237
19446
1428469
1297401
1657853
1690622
1166338
1035267
1625095
1592329
1526796
1625101
1362959
740371
707604
216085
707605
1002517
773141
1002519
1428508
1166365
805928
1690666
1428522
1362988
1166380
1592365
1166388
1068084
1592379
1592386
1264707
1100878
1592407
1035354
1592411
707674
1002590
805993
1264755
1068148
1100917
314489
19584
1395848
937098
838796
1002638
1690769
1494162
1330323
1395864
19612
1035422
1592480
19617
1100962
216228
1526952
1100969
1494186
937136
1035443
1297587
1428669
1690820
1625285
773318
1494214
1625288
1559754
52428
1068237
838875
1101020
740571
1330399
838879
1395937
1101026
1395942
1133798
1166568
314606
1592560
1494259
1527027
1330421
1527032
1133818
1690881
1297667
216324
1068300
707855
1592592
1592603
806172
1428765
806175
1625376
19745
1330466
937252
1559845
1396009
1133869
707886
1494319
1363254
740663
740664
1559865
1297720
1002811
1527102
740670
1396033
1428802
314690
1625414
1166663
1297735
1002822
1133901
1428816
871763
1396054
740694
314712
1166691
1101169
1232241
1166708
314741
740726
1527166
1592706
806279
1330568
1461640
1428875
1494413
1363343
1559954
1527190
1396118
740761
1035675
1002910
1101215
85408
19871
1297830
1035688
1592745
839087
1494448
1101239
314808
1330622
1559998
1658304
1658305
1134016
1101246
1166789
740806
1494473
1592782
1265107
1560021
216539
1035748
1494502
1265131
1560046
1625584
1101302
1461755
1166847
1232384
1396238
1003022
1297937
1396247
773660
1494558
85535
1494562
1134115
1297965
1527349
1494582
1396279
1527355
52795
1658432
1658433
1297989
1003078
1297996
740942
1560143
1166928
1527378
937556
1101396
773717
1527383
52827
1560158
1625703
85608
740971
1035884
1396334
1101423
1003124
806517
1363573
1101433
1560186
1494650
1003130
1134203
1527424
1330820
1232524
1658520
1363614
1330849
1691299
1592998
1691303
1593001
1527469
1068717
1298095
1560241
839345
1625791
806592
1003201
904896
1494722
1232582
1658566
1035976
1691337
1593034
20171
85704
1396426
1003214
1035983
773840
904918
1035991
1003226
1396446
1461993
1658605
20212
1527541
741114
315131
52988
1462013
1036030
1068796
1527547
1560327
20232
1429260
1036044
839441
904978
904979
839443
1298195
773910
1494809
1462047
1691430
1527590
1036070
216877
839470
1527599
1068851
315189
872248
1396536
1527613
20286
1560385
1527622
1527624
1068874
1068875
1167178
315213
1003344
1527636
1625941
1462103
1462109
1462120
937834
1593195
1494891
1036141
1101680
1429360
1527666
1691507
1593204
1363829
1494904
1101688
1560443
1527675
315261
1429373
1560449
1560452
1593222
1429386
1363851
1429393
1003410
1527698
1527702
1396633
1527705
1101723
1036188
1527709
315293
1265572
1298341
1527722
1527727
1527728
1167294
85961
1462223
1527760
1527762
937941
85974
1101783
1626078
1429470
1396709
1036262
806888
315374
937966
1527795
1495028
1363958
1658880
872448
1626115
1167379
1527844
20520
1101865
1429560
315449
1167419
53320
1331275
1396814
839759
1626199
1429592
1069152
1560672
86115
1069157
1331301
1396838
708717
1003642
1429627
1593470
1069183
86144
1364099
1364100
741508
741516
1396877
1396878
872589
1069202
1462418
20629
1495191
315545
1364123
20639
1527974
708781
1134765
1265840
1429684
1265848
1495229
1036478
1495231
1495230
1593538
1528006
1495240
1069258
1593548
1593549
708818
708819
1036500
708821
905428
1265888
1331427
1462506
1364208
1659122
1298675
1331444
708850
1200375
86264
1167609
1331451
1069308
1528061
53500
1691906
217346
1429764
20740
708870
1331463
1331465
1429775
1495320
1397016
1364250
1659166
1102112
1528098
1462566
1528103
1462567
1003815
86312
1069353
1659183
1397047
315709
1331520
1528129
1659207
1560905
1069394
708955
1659228
1036642
1462633
1528171
1528172
774517
872821
1233275
1528188
872835
1134982
1429896
1298824
1429900
709005
1200528
1331612
1102238
1692063
1003935
53669
1462694
774569
1135017
1528234
1364397
1593773
1003950
1069489
741815
1495479
1003961
1102266
1626556
1397183
1397187
1495491
1561032
315849
315852
1102287
872912
315858
1692115
1593812
1003986
1069530
1069533
1692144
1495536
1528308
86521
1069563
1364479
1298946
1561092
1167886
1167887
1495569
1626644
1102358
1331745
1167905
1298978
1528356
1331754
1430060
1331757
1036848
1135152
315958
1102392
1364541
1135174
1626696
1528393
840264
1528396
1561164
1102414
1593936
1135185
1364560
873044
21076
1299033
1528410
1004125
1102432
1495648
1135202
1659494
1561196
1430124
1495660
1561206
1626745
1004155
316028
1397403
1594012
1430174
1036960
1397410
1331875
709283
1299109
1659559
1036968
1561257
1168054
21175
1299130
1299139
1102541
1168081
1561299
1037016
709337
1528540
742112
1659617
873185
1626853
1069799
86759
1528557
873198
742126
1528558
1037038
1430259
21239
1157004
1037049
1692412
1594109
1626878
1692415
1135361
1594114
1364742
1692427
1397516
840467
774937
807707
1397533
1430306
1528610
840489
1495850
1561387
316206
1430319
1069878
1561399
1037115
1463101
1168195
1168197
1037131
1069899
1168213
873303
1495898
1626971
1168220
316253
1594204
1495899
21344
1495900
1037156
1594219
1102709
1495925
1364856
1528697
906107
1495932
1004411
1463172
1037189
742278
1627014
1463176
316300
1397645
1430415
775057
1004434
873364
1364885
1102741
1463191
1004440
1561504
1627041
1364896
1463208
54187
1069996
1528749
1528752
906163
1430452
807863
1528760
1168325
807882
807884
1332174
1561551
906192
906193
1364954
1463258
1070045
1594337
1364962
1201135
1496048
775158
1430523
1070081
1528837
21510
87047
1659911
87050
840715
1528843
1397771
1397772
1528849
1561622
1561627
1365022
21535
1266719
1397795
1135657
1528875
1365038
1397807
1594420
1561660
1397821
1430592
1004608
873540
1168455
1528903
1397832
1070154
1430602
1496139
808011
1037390
1561679
1561680
808015
1102934
1234006
1627223
1561686
1463389
1561694
1135711
1168478
1561697
1594466
1528930
906338
906345
1397867
54381
1365101
808047
1692787
1594485
1266806
1332349
808064
1004673
1365135
1561743
1102993
1692819
1037461
1397911
1528985
1070235
1430683
1004702
1397919
21665
1365160
54441
709804
1103021
1529004
775345
1103025
840883
1004724
1561781
1561782
840889
1594555
1332412
1397951
1430723
1430725
775368
54473
1496264
1496268
1397966
54480
906448
1070295
1070296
1332445
1594590
1365216
1070304
906465
1037540
1660134
1299688
54507
1103090
1398004
1398005
1398006
1299704
1594617
1332474
1660156
1299709
1070336
1561865
1103120
1496337
1168663
1561880
1529113
1070361
1135906
316709
1561894
1627430
1070380
1529133
87347
1692981
1168696
906553
1627452
1594686
1496383
316736
21828
873799
1332551
1070412
1627469
1037646
1267023
1561936
1037649
1430869
1070423
1627480
1332572
1627487
1561951
1135971
1529192
1037676
1365357
1398137
316793
1496443
1332602
873860
1234308
808326
1496454
1365388
1004945
1299864
54681
1267097
1070494
1332639
1627554
1660329
808362
1430960
1463729
1004980
1594805
1562039
808377
1267130
1070523
1070524
1004989
1299901
1430975
1037760
1529293
1005010
906709
1627611
1398235
775662
1627631
1463792
1594864
1103345
808439
1562107
1299966
1594879
1201663
1299969
808450
1299967
1267201
87565
808461
1103384
906780
1103390
874015
874016
1529377
1431074
1267238
1562151
1168938
1037868
1005101
1136174
1496623
1365555
1496631
1168960
1660484
1496646
1693256
1070680
1562201
1529433
1168990
1496671
1562214
1463913
1070698
1496690
1005177
1037949
1201792
1005188
1693317
1005201
1463959
1037976
1463961
1005210
1398427
1070750
1169055
1005214
1529505
1332896
1627811
1463972
1496741
1136294
1529516
1005229
1398453
1169083
1267391
1267395
1070789
1398488
1595097
1103577
1005276
1136352
1267425
1267426
1005284
1005286
874214
22252
1365742
1103601
1496818
1496819
1365748
939767
1038074
87802
874238
1398529
1595140
1365767
1660690
1398551
1103640
1365784
1267482
55067
1529628
841501
1365790
1562401
1365794
1496868
907045
1660719
874292
1038133
1660734
743238
776008
1365832
1398603
1431372
1398605
1398604
1136463
22356
1529692
55135
1562463
1005409
1464165
1005414
710507
1562476
1267565
1169264
1595248
1038205
1595262
350077
1562498
1398659
1398664
1070985
1038222
1136529
1267602
743316
1333141
939930
1365916
874396
317340
1628063
1562528
1660839
1103783
22444
1398702
1333170
1103795
1333172
1595326
88000
55234
1038277
743366
743367
1628104
1497033
55242
1431499
1529804
1005516
1038286
1038280
1497031
1562577
1497046
1595353
1103833
841692
1103837
1497055
1562594
907242
1464300
1365997
1464305
1497074
907254
350199
1693690
1562622
874495
1333248
874499
874501
1529864
1562636
1398797
1431567
1628175
1038357
1398805
1464343
22551
1333274
1038363
1169440
1497120
1300514
1169445
1497130
1300524
88121
1235007
1235010
55362
1628228
1136711
1497165
55387
1005663
1202273
1497188
317540
1267813
1464423
1693801
1103977
1562733
1103982
1562738
1529979
1038460
1038461
710782
1005699
776325
1595527
88205
1071255
1169561
1136796
1497246
1169567
1595552
1071264
1005731
1497251
1497253
1104038
874663
1104042
22701
1038509
1300662
1497275
1005757
1005758
710846
350403
874691
1661125
1398987
907471
874710
1431766
1300699
874716
1497316
1136869
1366246
55529
1595627
874733
1071341
1169652
1333493
1562872
1005817
1136893
1300734
1661181
874761
1333513
874766
1333519
1431824
1431835
842013
1431837
809248
1136933
842023
874792
940329
907562
1366312
940332
1366317
1530163
1628468
1071411
55604
1399095
1333563
1104188
1366340
1431880
1530185
317771
1497421
743758
1431888
1169749
22872
874841
1431897
317788
1366367
350563
1169769
1169770
1137005
1333614
1595761
874866
1366391
711034
1563004
1104252
1431934
1530238
1431936
907649
1104254
1300867
1530244
907654
1366407
1530249
1104265
1464720
1137046
1431959
1104280
711065
1137048
1497504
907686
1333675
842162
350644
1038773
1137083
1464766
743870
317889
1432001
1137091
1628609
317891
842183
1300938
1006028
317900
1399249
1464790
55772
1104349
1006045
874977
1497572
1104358
55785
350698
88572
1464830
1333763
1399306
1235468
1366541
1268238
1268236
350737
1661458
1399315
1497632
1464865
875045
1301031
1694250
23082
1497644
1497645
711213
1497647
1497649
743988
1137204
842294
842295
1399352
1530425
1399356
1333822
1628738
1169987
1169988
1628739
1595974
23111
1301063
842314
1432139
350797
1104462
1301075
1432150
1137239
1301081
1170010
1563227
1006177
1104485
1399406
1432176
350832
1301106
1104502
1366649
1104506
1071739
350846
350852
1432196
1071760
350868
875159
23194
1366684
23197
1596062
1661600
776867
1497764
1497770
350894
23217
1563315
1399480
1596089
350907
1006269
1432254
1399488
776901
350917
1628871
1006281
318154
1432271
1432272
711377
88790
1301206
1366744
1039065
1694426
1497814
1071840
1399520
1432290
1399521
1465062
1399529
1170154
1628908
711404
56047
1301236
1399541
1399542
744187
1039101
1137411
1497862
875278
1563407
1104657
1334036
842517
842518
1465112
744218
875296
1104672
1399587
1366823
1465128
351017
1465130
1366826
1301299
711477
875320
1497916
1497917
1497918
1497919
1497920
1071941
1563463
1039184
1366868
1432405
1006424
711513
1629019
318300
875357
875355
318299
1530721
318306
351077
88941
1334126
88948
1301367
1071992
1071993
1530746
1006459
842633
318346
1137547
1530766
940942
940944
1563536
1498021
1530796
1563568
1039280
1465264
1268659
1530804
1498046
1268671
842694
1366986
809933
23503
1629137
89041
1498067
1498068
1399761
1104855
941020
908255
1661920
1694688
908256
908259
842722
711665
711669
1530874
1104891
1301501
351231
89089
744452
744455
1104904
1498122
1563665
1629205
908311
1367064
1629208
1629210
908315
1596448
1498148
744485
1039399
1367083
318508
1498157
1399855
1563699
89140
1334325
875582
1006655
1530950
1301574
1629261
941138
711772
1498210
810084
1530981
875622
1170534
1530983
1039466
1301611
1563756
1137774
23666
351346
1596532
1498232
1072248
1498234
23675
1498233
1137789
1465470
1399935
810117
875657
1531031
810136
1432732
318622
1105055
1170593
351397
1465509
1105064
1498286
1432754
1498291
89270
1498301
1137855
1400000
1137861
1301704
1105101
1334478
1563855
1301712
875729
318673
1498325
1072343
1170650
1137883
810208
1006820
1006830
1498352
23795
1006837
1268984
1072379
351483
843006
1498372
1203464
1563915
1498380
1498382
1367311
1563922
777491
1498388
56594
1301787
1269021
1269022
1498398
1105184
1269026
1006892
1498415
1236275
908598
1334586
1334589
1039684
1301838
1301839
351569
744786
1301843
89439
712034
1367396
56679
1432939
1170797
1596783
1367408
318833
1301874
318835
1367416
744825
1695098
941436
56701
1170816
1432963
1105284
1269127
1531272
1432967
1465740
1596812
1039757
1432985
1498522
1432987
1629606
1007019
1334699
1662382
1498542
1498547
1596856
1269190
1138118
843212
1498576
1039828
1629665
1301991
941548
1072627
1269238
1498622
1629702
318986
1334794
1302028
810509
1465872
1039889
1596946
318996
1564180
908821
24090
1465885
1334814
1596961
56868
941604
908837
1596967
24104
56873
319016
1531433
1531434
351789
1170991
1433147
1662524
1105472
1171008
1596993
1367617
1302084
1171012
1171014
351817
1400400
1072725
1531477
1498710
1171032
351834
1367644
876134
843368
1597033
1433195
1662574
1400431
1105519
1564273
1465969
941685
1105533
1138301
1072772
876167
1171079
908937
1531537
56978
1334933
351902
351903
1302177
1400482
1072805
1072806
1597095
1007273
1466026
1367722
319156
1662645
1433270
1433269
351931
1203900
777917
810689
1334978
1302215
89800
1597131
1498828
1662669
1072847
1171155
1662684
1433309
57055
319200
319201
1007330
1531618
1302244
1466085
1138400
1498864
1695473
1662706
1203957
1564408
57083
351998
1531649
1040130
319240
1367832
1040161
1105705
57131
1138476
1629995
1367859
909108
1302324
876343
909111
1335103
1335104
1335105
1335106
712515
1302343
1335112
810829
1302350
876367
1597264
712534
712537
876378
1302362
745308
1367898
1302365
57183
1531744
1335137
1171298
1400683
1367920
1466225
1531764
1564538
1597313
1302401
876427
1466258
876437
1335190
1400728
1499034
1400732
1171357
1630113
24491
1105841
1630132
778164
1466292
778165
1662907
1466301
1564609
1564610
1335236
1335239
1368007
1564618
810958
1138639
1433551
1335258
1630176
24545
319458
1007587
909281
1400810
876523
1564657
1335282
1368055
1433593
1073146
1662972
1335293
1073149
1335294
1630212
1236997
1433607
1400848
1171486
90144
1138723
1564708
1138724
1564709
1040426
1433642
1171500
1302573
942126
1597483
90168
1400891
1433660
1499197
1663038
1597503
1499200
712770
712771
745538
1433669
745543
745544
90185
1368148
1040470
1138776
1040482
352363
1269871
1597553
1433714
1269879
1138817
1368194
1499268
1368196
1499274
1499275
1138830
811156
1564822
1532063
24741
1466538
57515
24751
1302707
745651
1302709
909494
1499319
1499320
1499321
319671
57528
1630391
1040570
1499323
1368252
1499324
1499325
1564863
1499326
1499327
1073349
1335493
778438
319687
1368265
811212
1171662
1040593
1073362
1368275
811222
1433818
1597659
1499355
1433821
1630430
1466593
1499361
1564902
1368294
811240
1433833
1597672
876779
1171689
1597680
1368308
1532158
745732
1466629
1138951
1630472
811271
844048
1401106
1073429
1073431
1401112
844059
352541
1499422
1138978
1106213
713002
1368365
1171759
1302834
1270073
1302849
1073475
319815
1499467
1499470
1040719
1204560
1040721
876883
1696088
1499482
1499501
1433966
844143
1171825
1466739
57725
1171838
1040765
1532288
844161
90498
1302913
713095
1368457
1368458
1433994
1597835
1433997
1433995
1597846
1499543
1040792
909724
1040799
1434017
1302946
1401257
1434028
1335725
1335730
1335732
1499573
1270200
1040829
1368510
1466815
1368513
1368514
1696195
1597892
1368519
1499593
1499599
1040850
1434070
1401306
1532383
352736
909791
1499618
1499619
1499620
1532390
1597929
352747
778734
1335792
1335793
1368568
745981
1434110
1434109
1040896
1434111
811522
909832
1532424
811532
320017
1499673
1401371
1499684
1565220
1499686
1565228
1368620
1368622
352825
942650
713275
1368637
1598014
1565248
811589
1499717
1040971
811596
1073748
1172052
1630805
1499735
1499744
90721
1696355
1172069
1434220
1041009
320121
811641
25212
1532543
1041024
1270400
909954
1401475
1499781
1172102
1499785
1368714
1499790
1335950
25232
352915
1467027
811672
1663641
1565337
1696411
877212
1270426
1598110
1499807
1270427
1270428
1270430
1270436
1041061
1172136
1368745
90794
1172139
1335982
320174
1401521
1532595
1368757
1499832
1368761
320187
352955
1368765
320193
778946
1467076
1565383
1368775
1532619
1434316
1499855
713425
1172178
1106644
1106645
1401564
1630940
778972
352991
1499871
746210
1499875
1401573
352998
1336047
1237746
1565430
910073
844538
353020
1172222
811779
1270532
1172229
1139463
1499912
25354
90896
1303313
1467154
1434388
1434389
1631001
1041177
910108
1532700
1499934
811808
1303330
1696558
1565487
1073967
811830
811831
1499961
1401667
1368900
1401670
1237831
1172298
1532750
320335
1401680
320340
1401688
320345
1172318
1172319
1598308
25445
1401700
1401708
1434477
877422
1598323
779125
1434485
1368954
1532796
25475
320387
1368964
1172358
1303433
779152
1106838
1434524
1532828
1139614
353184
1368993
1106848
1106851
353191
320431
943034
910267
1205181
1008579
713671
1565640
1008586
713676
353230
1532882
1008595
1041368
1500122
1500123
1434588
1598428
1336282
1434589
1041379
1434598
1434601
812011
1401835
1467373
910322
844788
844789
58361
910329
1434620
1434621
25598
1532926
1500157
1172480
1532930
1401859
1565700
25600
91142
943110
1008653
1008654
943119
943117
746514
746515
1336339
1041429
1434647
1631256
1106974
1532961
1500198
1664038
1369128
1664040
812074
1467434
1434667
1631282
1434674
1369140
1500213
844856
1500217
1401914
320575
1401923
910406
1434702
943184
1500242
1205332
844887
812128
1139812
1303652
746598
1533030
1434728
1434729
1041514
353386
1139822
1533040
1434737
353394
1369203
1434740
812149
1434743
812152
58492
1664127
1401983
1696898
1434754
910467
746631
1041548
1041550
25743
1434768
1500305
1369233
1500308
1172631
1369241
844965
1467560
1041577
1008817
1533106
1500341
1598646
910521
844985
25793
1402057
1369290
812233
1598665
1500365
1500366
1402062
1008848
1434830
1500367
1434838
1500375
943320
1107160
1434842
1598683
943324
58592
1336545
1172706
910560
1631463
1271024
1434868
1172724
1041657
91388
1697021
1074433
1467652
1271046
812301
910606
1074447
1434893
1238289
812306
1500435
910612
1271057
1107216
779544
1074458
91419
353569
1271073
845091
877860
1271075
25895
1303849
910638
1402159
91440
1697080
1598776
1566011
812348
1631547
1140028
877890
1336644
1402186
1336655
1107280
1631569
1500497
746838
910679
1631574
1566039
1271131
943452
1566049
1467746
1369444
1631596
1467760
1467761
1434994
1336691
1533311
1697152
1140098
1107332
1303942
1140102
1500554
1041803
353681
910739
1435039
1467808
1631650
1402281
1435049
1533357
1271214
943535
1598893
878004
1041844
91576
1435064
1402305
1041859
1467845
58822
26058
1598924
1467858
746967
1402328
1140184
26076
1107421
943580
1205727
1369568
845289
910832
1533427
1402357
1140215
1598968
1402366
878079
1402371
1598981
878088
1467913
1041934
1533454
714256
1631761
1533455
91668
812564
1435161
1435163
1369628
1041954
1566243
1500711
714284
1566265
26172
1402436
714310
714311
1140303
1631825
1336917
1140310
1402453
1336920
1533526
1435224
812630
91741
1500768
1304161
1468010
1402478
1402479
1402486
91767
1042046
1697412
1697416
1074828
1599117
747159
353944
1042074
714395
911002
812701
1500836
1500837
1566373
1369774
1533615
1337009
779956
1337013
1074871
1369786
1500861
1140414
1369795
943819
1009356
943823
26324
1173204
1074902
1304280
1369817
1697500
1074909
1500894
1009379
1664740
1500904
1337068
1566445
1107694
1435375
1074929
943861
1599222
1435387
812796
1042173
1271551
1271554
1435394
1468164
911109
1566469
1140486
1042187
1369868
1468174
780053
943894
91928
1337117
1140509
943904
1173281
714530
943906
1173284
878375
911147
911148
1533743
1697587
1632053
1140536
911160
1533758
1173313
714562
911177
1271625
1632081
1501010
1107796
1304409
1501017
1337182
780127
1566561
812900
1304421
812906
714603
911216
1402737
1075058
1435508
1206133
59255
1632121
1402747
1337213
1632127
845698
1107843
1337226
1435530
354190
1304464
1566610
1173394
1501078
1599385
1402785
1468328
1173420
1304492
1370030
1599407
1140657
1599414
1173431
1501112
1337272
878520
878522
845750
878526
1370053
92103
944075
92108
1402829
1501134
1337298
354260
92116
714712
92122
1009626
911326
878560
1435617
1533924
1402857
1501162
1533932
1173489
1042418
1206264
845818
845819
1599489
944130
1009672
944136
1173514
1697805
1632275
747540
944148
1632276
878616
1271833
1140761
1107998
1042463
1501225
1697834
1533998
59440
845877
1632312
1697851
911421
1337408
1402945
1632323
1435717
92230
92232
1501257
1108046
1501268
747605
59478
1435736
1697884
1009759
1468516
1566826
1140859
1403008
1599617
1206401
1271940
878726
59527
1108109
1697935
911503
1534099
1239188
1501331
1304730
26780
1435812
1009829
59558
1108134
1534120
1304741
1501350
1304740
1566897
1370291
1501364
1370292
944314
1566912
1403081
1534154
1534155
1403085
911568
1337553
1042642
878802
1075415
354521
92380
911583
1009891
714980
1698022
1173738
878828
1108205
813298
1173752
1468666
1403132
92416
1009922
1566978
1009925
1468679
354567
1108236
911631
1337619
1665300
911635
1173784
1403161
780571
1435936
911649
911650
1042728
1042729
1370416
1501489
1534263
1009976
715072
715073
1304898
1370437
1075531
1337675
878927
1534287
1370450
1042773
354647
1042776
1534298
1042783
944480
1108320
1042784
354655
1403231
92521
1468780
1108332
1141103
1141107
1567094
1403256
1370489
1567098
1042810
944508
1042809
1501570
1042821
1042825
1665421
1501585
715153
354707
1599891
354706
1075607
1173911
1698209
1010086
1370544
1305014
1075656
1108426
1599947
1042893
1141197
59860
27093
1010134
1436126
1468910
748015
1141240
1403385
1075706
1468924
879101
354813
1534463
1436161
1436164
92679
1370637
1436174
1141263
1632790
1075736
1501720
1337885
1600033
1501732
1403431
1534504
846377
1403433
1108524
1337905
1501745
813619
354869
813621
944695
1043000
944696
1501756
1534525
1665598
1075773
1600065
879169
1436229
1010247
813640
1370702
1501775
1305168
1403475
813658
354908
911971
944739
813672
944745
1501804
1469038
1272430
1010286
1567345
1436273
1239672
1665658
1600125
944765
1600132
354950
1403528
846475
1141391
1436304
1075857
354963
354964
813716
1501845
1436309
944792
1174169
813718
1567388
1403548
1206942
1534628
1108645
1305253
1632933
1501862
944809
1534629
1403568
1043121
1403570
1370804
60086
715446
1338042
1469115
1469114
912061
1370816
813762
1632970
355019
1469134
1305294
1338065
1698514
1534675
1043156
846546
813781
1698519
813779
912093
1501919
1698530
944868
1272550
27367
1305323
748268
1534701
748270
1338095
1043186
1534708
846581
1600249
1174266
1108730
1370880
813828
1501958
1436425
1436426
1239819
1534731
1567503
912145
1174290
1043219
1501972
1272597
1469207
846617
1567514
27419
1403676
1567517
1403674
1075993
1567520
1207074
1370914
1501989
1010470
879407
1665840
912183
715578
715579
1403708
1502012
1370946
1403720
1043277
1502034
1108827
1600347
1403739
1534814
813920
1469284
1141615
912242
1633142
1010552
1043325
1665918
1338242
1469317
1010566
1436549
1338248
1043337
912263
1207179
1698702
1403792
1403794
1436568
1403802
879519
879526
1600422
1141673
1272754
1010612
1600438
1469367
1141688
1436599
1043382
1469372
1108924
879555
1567683
1469383
1502152
1403849
1469385
1469384
1076167
1403853
1436624
1600470
879575
1141719
945114
814046
879585
1076195
1469412
1108967
912365
1371128
1469433
1600508
1272830
912382
1174527
1534977
1469443
1272842
715787
715788
1600527
1534992
879635
93205
27673
1567771
1141788
846876
355356
1305631
1338401
715812
1535013
1076262
1141807
748592
1469488
355379
846901
1043509
1535031
1567802
846913
1666114
879682
1469510
1272906
1043533
912463
1371217
846931
1502292
945235
1666134
879703
1010775
1666138
1338460
27748
355429
1535079
814184
60519
1338474
1567852
1043565
1371247
1600626
1567860
1469559
1567865
1109116
1666175
912513
93314
1666178
1174672
1109138
1043604
1371285
1567892
1338520
1567900
1633438
912544
1109153
1469606
847015
1502377
1010858
1535147
1076394
1305773
1698990
1404079
1698991
1371310
912562
748714
879796
715957
1567925
1600694
1076405
1469628
1666244
1109189
93384
1699018
1109196
93389
814286
912593
1338578
912595
1535194
912603
1174746
912605
1141982
1699039
912607
93410
716006
912615
945384
1600750
945394
355573
748790
1338613
1109242
60667
27904
1076481
1338624
1600774
93451
1436942
1600784
93456
814361
945436
1174814
1371424
1174820
879911
1076522
60714
355627
1436975
1404212
355637
1699126
1502519
1371446
1371451
1076541
1011006
1109313
1174850
1338690
1699150
1568079
60751
1371473
1371474
912728
1502554
1502555
27996
1502557
1371487
1371489
1109345
716133
1109354
1174891
1109357
912750
912752
1142129
1043825
1633651
93556
1011060
814453
1404280
1404281
1600890
1011064
879993
1338749
1469822
912767
912766
1174907
1535365
1404296
1174922
1568139
1371534
1437071
1404306
1535379
1371541
1497029
1174940
1043873
1568162
1011109
1502629
1502630
60849
1437106
1306035
1437107
1043894
1666487
355766
880059
93631
912833
355777
1502659
1109448
1076682
912844
60876
945617
814547
1076691
814549
847320
1076700
355804
945634
355811
1011174
93676
749037
749038
1043951
1535469
880115
880116
880117
1175028
1175029
1437172
1043961
814585
814586
1306109
912898
1240581
1076744
1109525
1601046
847383
847384
716314
1502747
1502749
1437213
945699
1502756
1273385
1109546
1437226
749098
1076784
1338929
60977
880177
1502772
1109553
1502774
93751
847416
847415
1502777
1338940
1568319
1175108
1470022
912967
61004
1437260
781902
814676
1011290
1273441
749153
1437283
945764
847464
355948
1142380
1011308
1175151
1404526
880242
1044082
1633917
1568385
1371781
1142406
880266
1633931
1142412
1666700
1142417
1535635
1470099
1076891
880285
355999
93859
945828
1273507
1437352
1339048
1568427
1404592
945841
1470129
1404593
913077
1633978
356028
1076930
749251
1011395
356037
749254
1076939
1470157
28367
1404624
1437395
1142488
1437402
1404636
28385
1404644
1076966
1011432
1502952
1404655
1142512
356080
1437425
913142
1502966
913144
28412
1011452
1470205
1502974
1601280
1634052
1470215
913165
1437467
225051
880417
356130
1273636
1437479
880432
1142576
1437491
1011509
814904
716605
880446
945983
1601347
1142596
945989
1634117
814920
356171
880460
1437517
814926
1273685
1503063
913241
716634
1339225
1372000
94049
716643
1011570
1372020
1437557
356213
1568628
1175416
1339256
1109879
913277
1699709
1404804
1372041
1437578
913290
716688
1208208
28561
1175442
1666961
1044378
61339
1437596
1568669
1175454
946090
880555
1142701
1699759
815024
880562
1568693
1535929
1503161
1175483
225211
913341
1077183
356292
1208261
913353
1273801
1011659
1011657
1175501
1011662
1011661
1011664
1175505
1535955
1044435
1273813
356309
61398
815065
1142750
716778
946155
1175535
1404912
225263
1634291
815093
815094
880631
1634293
815097
1077241
1503227
880641
880643
1142790
1372167
1404935
1601545
1601548
1404943
1142801
1011733
1372183
1372184
1536035
913443
1404973
1536047
1470512
1437750
1437751
1175609
1339455
1568832
1601602
1077319
1273931
1339469
749647
1667153
1667154
1470550
913496
1536089
1437786
1667161
749660
913497
1044577
1634408
1568875
1372267
1634413
1044590
1241199
1405041
1634421
1634423
1634424
1405049
1077370
1011835
356472
1437822
1175680
1634432
880771
1273988
94344
1372299
1634447
1405073
28823
1339553
880804
880807
1503401
1044650
1274032
1601712
1372336
1077428
1568969
1274057
1175757
1306830
1339605
1372375
1503455
1503458
1437925
1470699
1470701
356590
356591
1667313
28917
815353
1372414
1470719
1536256
717059
1405197
946454
1143068
1503518
1569055
1044777
1405227
749872
1503538
1012019
946486
1077561
1569083
1274173
1405249
29002
1470795
1405260
29006
1700175
1438035
880984
1110361
1503579
225628
1405277
913760
1503584
1372514
1274211
1405286
1405287
1569134
749935
225648
913778
1143155
1077618
1372533
946563
1012100
1077637
1077638
1536394
1438095
94610
1503636
946581
1667489
1569187
1503658
1012140
750004
1438133
1077688
1438138
1438139
1372605
1470915
1372612
815556
1143238
1372620
1339854
1110482
946644
1208790
946647
1503707
913885
1405424
946673
1372664
782842
225789
1307140
1700357
356870
1536521
1077771
1602065
1045014
1438231
1602078
61986
1077800
1339947
1569329
1405495
1503802
1569340
1405503
94784
1536577
1339970
1503813
750150
1405513
1110607
1503828
1405528
1602143
1634912
914024
914025
1077866
1569389
717423
1569391
1471088
1471089
1471092
1110646
1110647
750199
94845
1274494
1634942
1536643
946822
946823
357001
1340041
29332
946840
1077915
357020
783005
1045150
1471136
1176236
1634997
1405621
1438392
1340095
1274563
1209028
914122
1405646
1307345
1438423
1340122
914139
1405660
914138
1405658
1340127
1405663
914142
717538
750304
357097
914156
1503985
357108
1176309
1405686
946936
1372920
1503993
1176316
1012477
1438461
1110783
1667840
1176325
1504008
1110795
1176334
1110803
1274644
1110805
1078037
717588
1471256
62234
1372954
1471261
914208
1471265
1569568
1471266
717605
1471270
1471271
881453
815917
357173
95029
1176373
881464
1078075
1045309
1602367
1635136
29504
947011
1438533
1471302
95047
1438535
95052
1602381
1078099
1012569
29534
1373024
1667939
1667944
1602409
1438576
881524
1110903
1340282
1373060
1012620
1045390
357264
717720
914329
1471387
717724
1405858
1504167
1274792
357294
783280
1045425
1438644
357301
783284
1438650
1307579
1635261
1078207
1438660
914374
1569737
1045450
29644
1438673
1635282
750556
1405917
1373150
783325
783324
750558
1504222
914397
914398
1373149
1012704
29669
1471458
1307624
750574
717806
1504239
750577
1668082
1373179
1078271
1471487
1537028
1438731
1537048
1143834
1537054
816159
881695
1274913
1012771
1045546
914475
1537069
1504307
783412
1307701
881716
95304
1111118
750686
1537118
1602658
1307748
1143908
1307752
1045609
914537
914536
1078383
1143921
1504379
881790
1668224
717954
1504388
1504389
1275014
29834
1340554
914577
1537169
1602706
816284
1635484
1438882
1438884
1701040
1438897
1438901
1701051
1569994
1504461
1111247
1504464
29905
1635538
29915
750813
1275101
1438943
1438945
881890
1307873
1471717
1537258
1340652
1045742
1471727
947440
783603
1701108
62709
1668340
1111285
1111284
849145
849146
1701114
1537274
1602813
1635581
29952
1373444
1537293
718096
1275158
1635607
914712
947484
95521
1406243
29989
1471781
1111335
1635626
1406251
1668397
1373485
1045810
1307954
1275187
914747
914748
849213
95552
1307969
1635650
1045829
1668428
1471824
1570132
95572
95574
1373525
1307989
1275229
947559
1209709
1602929
1340786
1176948
914804
1439095
1373561
1308027
783739
1602949
1635718
1242513
1275283
1144215
1537435
1439133
1144225
1635748
1504678
1045929
1668523
1111468
882095
1111473
1439154
1308085
1045942
882104
1078723
1603016
1308106
1209821
1439199
1471968
1504735
1045986
1373670
1570279
1537511
1308137
882154
1504747
751085
1177070
1373683
1013237
1013238
849399
1537528
849401
1373690
1439222
718332
1439229
1635840
1308161
1144320
1439237
1144326
882184
1046025
1439242
1373707
1439241
1439245
1439240
1078799
1373715
62996
1439254
1635863
1013272
1537561
1504795
1504796
1439264
1046050
1144354
95779
1635881
1046057
1177135
1308208
1439288
882235
718396
1668673
1373761
1439299
1472072
1603145
718413
1111632
1111634
1275477
1046102
1472091
1472093
30302
849502
1373792
30305
1406568
1504875
1504876
1504877
1406574
1111665
882289
882291
1406578
1046131
1504886
816761
1406587
1537660
1635965
1406588
1537663
1537667
784011
849547
1373835
1635984
1504912
1472147
1373846
1537689
1373853
1111711
1341088
1439397
1504937
1439404
1046188
1472174
1636023
1177274
1046203
1111741
915140
1144519
1406666
1439434
1013453
95953
1636050
1636051
30419
1341141
1013462
1603286
1439446
849636
1701605
1079023
1013488
1046257
1341170
1537776
947969
751364
751365
1111817
1603345
1041609
96021
1472277
1570585
1373980
1373988
1046311
63271
849706
1537834
63276
751406
1177394
1341235
1013554
1046327
1111863
816956
63296
1275712
784199
882508
1406796
1439567
1472343
1570649
30554
63330
1701732
1505124
1013606
948072
882537
1341293
1210227
1472374
1111928
915324
1537917
1603454
1636222
1505155
1308547
1341318
1341319
915337
1439636
1308569
915358
1537951
30625
1603494
1374128
1210294
1374135
1636282
915389
1701821
1308606
1636286
718789
1013706
1636300
849869
1472468
1570774
1636315
96223
1701859
30697
817129
1439724
1472494
817135
1701874
1079282
948218
1341439
1112064
1079297
1144834
1406979
1406980
1439746
1177609
96271
718877
1341470
96289
751652
1013796
1308710
1308711
1046568
1669162
1177648
1407038
1407041
718916
1439813
1144906
1538123
718924
849997
1505361
1505362
1505363
1472595
1505364
1013844
1505366
1505367
1603671
718937
1472601
1407067
1505368
1505369
1505370
1505371
948320
1013857
1374310
1177702
30822
882796
30828
1013871
882800
30831
1144945
1013880
1374328
1570937
1472635
1702015
1144967
882829
948368
1046672
882835
1144980
784539
1636509
1046692
1636519
1538217
1013934
882873
1308858
1407161
948426
1603793
1603794
817366
1538263
1407190
1505497
850141
1145057
1439971
1505512
1439981
1439984
1177845
1210618
1046788
63754
1571088
1472787
915735
96536
1669400
1538329
1276187
1440024
1079577
1341726
719135
1538333
850209
1014041
1407268
1636651
1571116
1702191
719152
1571123
1112372
719164
915778
915779
1407298
1341766
1374535
1538375
1374536
1341768
1505611
1046859
1472847
719184
1603923
1210708
850261
1341780
1112412
1472862
1014111
1046880
1276262
1374567
1669479
719209
751978
1243496
1145197
1407343
1341808
719220
1374584
1603961
915840
1309057
1309056
31107
1603969
784770
1669513
1603978
1341843
915862
1636760
1440153
1309082
1603993
719264
883107
63908
1145255
719274
1440172
1309108
1341878
96699
1604028
1538495
1505732
1309126
915912
915913
1571274
1309132
1309136
1440208
1046995
1571283
1309141
1407450
1374684
1669600
1374690
948708
1472998
1374694
1407463
1112551
1079786
1145328
1604082
1178104
96763
850429
31235
1178132
96793
850460
1505823
1440292
883237
1473061
64040
883241
719402
1571371
31277
850483
1407539
719413
1473078
817720
1571384
1145404
1276477
96831
1374783
784959
1571398
784977
1047122
1047127
883293
1702494
1407583
1604191
1505892
96869
1276520
916076
948846
31347
1276531
96885
1145460
1342068
916085
1309304
1374845
785024
1047170
1112706
719494
1407623
1178253
1702541
1669779
850579
1669792
1374881
1309346
752294
1571498
1342126
96943
1276591
1505966
850606
1669811
1669812
1014473
1145547
1080014
1407703
1407704
1309402
1440476
1080029
719581
1178336
1080034
850660
31462
1014507
1080056
1506042
1407739
1374976
1309442
1440517
850693
1473287
785161
1178377
1374985
1374993
1106942
64279
1538849
1080099
1047335
1178409
1047340
949039
752431
1571636
1473334
817979
1407805
1604416
1211211
1637197
1342287
1375063
1637207
1702744
1112920
1702750
1145703
97134
1604464
883569
818033
719731
719733
97142
1637242
719739
1702780
1342338
1407878
1407882
916365
1014672
1047446
1112985
1080224
1145761
949156
949157
949158
1145765
1506215
97196
1538990
1375151
1571759
31667
1571765
1178552
97210
97216
1571776
1113026
949189
1506251
64463
1473490
1014739
1539029
1211351
64472
1342423
31704
1375195
1571804
1506270
1375200
1637348
1375205
916457
1014763
916459
1506295
1440760
1571833
719866
752634
1506302
1080319
752642
1506307
1440770
1702924
1375247
1604627
1080340
1506325
1440799
1375271
1080360
1342505
1145898
1473579
1178670
31791
883758
916529
1342514
916530
1670196
1440819
949297
1473591
1604665
1408057
916540
1113148
1473597
1309764
1506374
752714
1408075
1080398
1113169
1506385
719955
1637459
1178711
1375320
1506401
1408100
1473637
1178727
1571949
1375348
1473654
949373
1703038
1080448
720002
1145986
1604738
720005
1375365
1506439
1211524
1473675
1113232
1408146
1047699
785557
1571996
64670
1703073
1277092
1113256
1604778
1506481
1342643
949428
1637558
1506492
883902
1211583
97472
1375424
97476
1408198
1506503
1670349
1604821
1277141
1506522
1277151
1113313
883943
883945
31978
883948
97517
1178862
1506545
1506546
31986
1375476
1375483
1178879
1604868
851205
752902
883975
1375495
883980
883981
883984
1408276
1408278
1637655
720154
1080602
1375514
1408287
64803
1309987
1604906
1408299
1408300
818479
851249
1080627
1473844
916789
1047862
916793
1441082
1080634
1047865
1604930
1178946
1375554
1375557
1277254
1342792
1047881
1047884
1080657
1342803
1277270
1375576
1178970
1080667
1408351
1408356
1539429
1375596
851310
1211759
1047919
1015155
1310067
1539447
785786
785787
1637757
916863
1637761
1375618
1080709
1342854
1113481
1670538
1670541
1310094
785815
753048
1211805
1605024
1310114
884130
32166
1113513
916907
1080747
884144
1637810
1473971
1179060
1113524
1506742
1506744
949699
1342916
1375685
1375686
32198
1310157
97745
1179090
64978
1441236
1342936
949721
1572317
1277406
1539551
1441247
64996
1572334
1342958
65011
818677
1539574
1048055
1637880
884217
1474042
884219
818686
1506814
720392
1408534
884247
1637913
1015328
1572384
1572386
1343009
785956
1637921
1343011
1310243
917032
884269
785968
1375793
1474098
1375796
1539638
1343034
97854
851520
1703489
1113668
1572422
753224
1703497
65100
1441362
1310291
1375829
1408597
1015383
949852
1539680
949858
1310313
1375850
949870
1506928
1506929
949874
720500
1506932
1474167
818813
1375877
884363
65172
753308
1506983
1638058
1310383
65201
1605301
1113784
786110
1539778
1408710
1572552
949961
1703625
1048268
1113809
1605331
1572565
1670869
1179351
1474266
1703644
1048286
949982
917225
1507051
1081074
65270
1081078
1474301
1539838
917251
1474307
1081091
1507079
1244937
1539850
851726
1441551
884497
1310482
1343254
884504
917273
1441567
65312
720672
1310497
1507103
1441573
1015593
1670961
1539892
1539894
32567
1310527
1376074
1572684
1507154
1572699
32604
1179484
1572702
1081183
1441634
1671013
1703785
1605481
819050
1179500
1507181
32621
1441649
1081206
720762
1507196
1474432
884614
1474439
1376139
1638287
884624
1638290
1441683
884629
1572758
1474459
1441693
1048477
1474464
753568
1277856
1671077
1310630
884650
98222
1245104
32689
1048501
1408950
786360
1015739
1408956
98246
1507277
1277902
1540047
720858
917470
1376227
1015780
1081316
1376228
1605607
1376231
884713
1343465
720875
1441769
1572840
917491
1409014
884731
